0.4166384039651826,123.75412200349123,13.242785326613685
0.48715594926612493,197.26011139048933,9.534492474173122
0.35339092353547924,177.55265146048467,11.416133447590692
0.3957568360688552,103.50365241014373,7.984494708891794
0.14694218445577803,185.70609425871987,8.728540278748074
0.3799429818417864,125.62799493266301,8.47581215152492
0.12852978878036353,135.83337827049698,14.490941816782104
0.20671212842438336,131.93913663803647,14.177723860005875
0.13696387491496054,106.50845370425145,11.29828999107823
0.452680041229827,100.87157323037849,12.465772369939376
0.4298154391259838,107.57174461722667,11.564553345969578
0.3159733250313193,147.9883391496383,14.555741449310663
0.1250045125885569,124.69787009919163,12.122326779115834
0.24671826867001742,127.69963563838095,11.954454525534747
0.4694569055547308,124.44757021979903,9.580858172767638
0.21987225605806493,137.93332914830663,11.04538828631711
0.41464203488020923,106.79174967944145,11.860850791873133
0.3305975365234345,113.79860527582572,5.987532192049184
0.21708466449674585,115.17866625844727,14.259944794902179
0.38003938085174077,123.76589218796833,10.688852525565604
0.333737019287901,107.27372108843478,13.397085104160709
0.27699480976179924,114.48709890463252,6.9092005866659365
0.3089900513994353,171.20243742497533,14.849384577010081
0.4530449381506417,149.9041683900894,6.067799939937089
0.46745480262111616,136.4915960886285,7.265878768994284
0.45216194837953566,113.6358351759238,7.363801601528203
0.3482747170071422,156.3922609078715,14.58934731983297
0.29496474995884997,112.89580745785405,12.6056767676739
0.20061277816779322,117.57298632131815,9.371180126508111
0.25259780106792973,196.72531085605692,6.430260770875716
0.44170944980229426,166.94061399806628,6.093049080795456
0.15809507751097773,196.64620412773903,6.942974852130065
0.15571252250687945,126.93846952798637,11.501305180131334
0.3300414670042477,169.6724843853251,14.630980777029286
0.22914557364928273,123.36264618479669,13.456720544791448
0.20907967648429293,168.89062995586892,6.534946369783727
0.2013493010583426,106.75988936035769,12.494856954349746
0.1925297732817558,112.42607102499237,7.248072739087964
0.22979733261823407,103.38217310437892,7.543991850413759
0.37582051490797863,175.99190806207415,7.260144142666168
0.3544435959970779,191.2256084318619,10.416106282800136
0.26522940859107347,101.32006255648996,13.293176945213215
0.4312105728925918,107.97201177562198,6.716752976771648
0.439305887082875,156.4160278861811,8.497822136010313
0.17937611107080004,109.85190759170267,10.601814183160807
0.3912747087736489,195.08710326261453,12.480513321261874
0.26459225465904423,175.84773055982038,5.710735124624081
0.3581920133566169,172.07140306231446,5.4180861912122955
0.2732156818488622,116.13388234551917,7.760830849776585
0.20993874624242922,130.4683930305082,6.3623338112195125
0.38534377159945704,105.28662019835248,10.814383008133744
0.1923980482370929,150.66913505591185,7.815188368684268
0.26377882911848477,150.45289129748704,6.223312112911773
0.17399907463978648,184.44142564877197,8.921985467480694
0.18858592949708114,180.11790684205008,14.10128630061549
0.4360915539074508,171.40509260335566,5.993676539883733
0.46748796651007907,157.79793461657664,14.002754517505583
0.33633881445089675,100.98454407996886,14.942393627965922
0.17464918864327672,169.26362577413175,8.342882523806228
0.19257640910346613,114.05976651717546,11.692474106394473
0.23894535231163927,161.36545338982017,14.35599385281917
0.20108933483310998,111.96101461557785,8.921906629129218
0.38545220999088103,194.49670331340195,6.63382494404646
0.29701748964722924,127.88635513064108,7.046000739957785
0.2406260112501995,179.5609570411421,5.9284603190663265
0.45088219180327505,183.37153810867173,11.817935532090345
0.2359303465601491,116.61197966572904,14.189412906048165
0.15178442514448603,147.44680710895094,8.60229419769107
0.1848991559396661,196.79157592963497,7.189514785269429
0.3919176523935311,187.9075493696643,11.689037930967858
0.17882020563819878,179.2887980930164,7.15512697151754
0.48348126150797094,108.2858010120636,11.410300846501192
0.3550423420272567,148.00718160393663,6.651930966497735
0.21949443320359086,173.04173325598777,14.587006814026301
0.4721757847525799,173.73998988360688,7.336818598213233
0.4116885414487499,129.73122195636822,7.813579422494417
0.41277556441950247,168.57875990098626,7.730939601178299
0.18632490456204895,110.29163661719198,9.893815606170353
0.4374067494777934,132.32566764847036,10.959400658056778
0.19311551755658385,132.17394118373971,11.953137196187978
0.3130860392362225,187.06411668621806,13.281605969166586
0.23665765260963706,102.90940964598228,11.43180288948578
0.45094584619915934,185.0537456240801,5.147867353095421
0.18180534275969307,118.23519434002205,7.819217222332428
0.24403820503040177,108.16579363709246,8.661685328590437
0.4639901447343457,112.27215762403242,12.82376779319425
0.1463198208494926,106.32513807487092,9.289507797157075
0.48745979434970343,121.6750927674299,14.480729516272934
0.14115373553547345,188.8170989996818,10.653211898890937
0.43334067871292636,148.18148862417067,7.514120803260531
0.4415390637053081,134.09560577300326,12.303571516567825
0.4831714031098862,191.49372648441232,10.096042161455406
0.2151533586217546,179.13117617130084,5.455326456546049
0.46248828550955484,156.57116570169367,5.161590361330881
0.3199660239063053,149.37542115365872,7.129019704722085
0.35679390798743493,100.15731586009981,7.339404211999968
0.32261053626017516,119.91429192685625,7.4370252799298004
0.28865121413355094,105.56422086427088,7.081983805383275
0.1526154228161034,179.84257526281476,10.02491850113829
0.2230786776064978,179.6778755943318,6.550787889695339
0.4497416449368098,146.1023227590219,10.617452412785726
0.2420923496842093,124.30797680627347,7.766845272925657
0.25997129381570966,156.9972338199132,5.307467583864215
0.2696579804558648,134.12071540234348,11.298397030328184
0.4507245401664708,177.26394398435724,14.913709810231138
0.2809746727085106,121.46457455778005,14.218865879320106
0.43043284273926097,191.38979879200605,7.1070032586890495
0.30095059193774,132.35168749818288,9.512756567910182
0.39778439404732563,172.48824410420184,11.372697753917475
0.25220057050625333,122.41630256814598,9.677107630620194
0.40577066147783314,118.34242420995824,5.241589571151636
0.16438605939378984,112.89551875112751,9.645057594316508
0.25861449989436075,191.94596229083115,7.081380303626506
0.26778246797010674,102.13976734131441,5.598442103691773
0.4391653709358838,170.21693819198128,5.9326867316534155
0.4217535033683052,139.63845459449678,6.452947763761906
0.4943477270010771,111.89984912112037,6.410042581998842
0.44521978453954814,172.7540444007251,5.691293250639495
0.35803626093877683,143.2989925338644,13.873809450857724
0.35675371711745757,166.08104815038442,9.74449990642216
0.12692059609945727,138.43382541840077,7.963455063012703
0.33107847451468836,148.0474207678522,13.894051801682467
0.18032900345733555,107.00212454330381,9.79160465729263
0.17178767492405111,172.10843955809713,7.155709268296134
0.2161082620524191,161.22587414151843,12.887568695330922
0.38067559003773777,153.18950606383243,9.389721204161413
0.4959426041574254,162.2832201038196,14.186916511095971
0.1810145653698711,179.50694058795148,12.371050566004083
0.1827592657288068,192.44036582990947,14.941317250227039
0.2062853460748021,119.50424276775297,5.479802256018299
0.30865717112789204,180.0229136472089,11.575396497051276
0.17449725879290034,194.45437789753848,8.40510121689479
0.3043410172714447,137.82438235410913,10.128779447662499
0.3459013696656684,162.15951688718422,13.583884005911736
0.4813147541762378,180.55285729393307,13.750499437542855
0.25429540887187063,131.89230959734655,13.816542352080909
0.47216898672650565,137.9349377902327,7.411082105605677
0.2205882408298397,167.84464693624415,11.820515791306043
0.4123036306163742,146.70761509467687,11.719104719587664
0.44747008345627326,119.05417551374808,5.232760898758855
0.4389098309772281,127.7712832971244,14.74427896912705
0.4093314625533614,143.85639832998368,5.390492147784045
0.417555113661326,135.69491451230857,10.696838864133735
0.4972177944699776,159.12565403057445,10.248994821781906
0.2474222284637096,161.9064951233233,14.941264815471442
0.33652233147584043,186.28181436259445,13.670913858768582
0.4942688011849498,129.12672285674378,6.8211253771327796
0.2430373010567438,102.46166548688542,7.190869592105839
0.3443207747992578,168.732654513086,11.473568514731891
0.4457170380045406,170.11070990918643,13.314603556029752
0.13022460047534307,111.53776027418695,6.885777465970676
0.45513569010444827,129.3483465932033,7.165462848097195
0.1582314724676479,148.56871054835216,6.305991045356691
0.36739619962902537,127.09363521661135,11.301816696921676
0.4298265908262718,158.07669136920939,5.061199497858046
0.20063631892539935,130.06489072080737,13.318491198300041
0.20363720761057108,198.7161367284666,10.099496223054098
0.4336493636429936,144.059607231555,14.797054384180903
0.33781458276200405,129.4283995297218,13.582719620968822
0.38950661300416595,171.37247646424876,7.414123752668611
0.20738771642902493,134.55994487376614,10.747995997198283
0.17268276189333537,175.62566569312344,9.327936002589126
0.40679827052280293,167.5373923580582,14.988644640789365
0.2659690653925809,110.03969496610672,13.721742734762874
0.17451288892155634,144.4450275489722,9.642205822313944
0.2158003651133568,199.92762362587354,14.133302078407228
0.3715642159802456,165.9799890799103,10.409291535790075
0.22059155165796707,121.89833216146862,12.026618234804864
0.1478555533852774,151.063816692752,13.903990773419538
0.4246547256052782,101.72944108763528,7.123887303740194
0.25321495669121297,104.08938283573124,10.715556564493756
0.14803958343531115,101.44896605169085,5.566666919383595
0.31448180039485907,146.44878771683926,8.055429739641422
0.3698322785899469,104.80890599735505,6.222835084837454
0.47426797458593273,135.74598846072695,7.267533271739618
0.2069453161804487,193.41409790636058,9.621856605471068
0.33152667433848537,119.8345990549376,7.28435789598181
0.3520330459174106,179.32645612175614,10.301571201620375
0.12628738353580587,148.4012119860289,8.97332282073596
0.4079404589727971,181.49444297558227,9.618056911622425
0.27887360035866426,164.7161462204175,14.344340030104384
0.24797460928078488,160.73569322379282,12.969526825388254
0.42974980950581554,126.5980507038042,10.090775667467017
0.2589783547876826,176.6083473996297,11.776492327221007
0.4662985675168339,186.36140350064363,7.281132020878954
0.34455905197473796,110.1578974722676,13.318204674950293
0.2434838695588679,182.41501738055362,13.163099273423716
0.26522289053357856,166.2088839312587,14.969984166059362
0.3276042195799068,146.44221677348563,12.35494057239924
0.40190816205749247,192.91713023767014,9.07239817665526
0.37377076927000463,191.78778816788167,10.758174362445533
0.21582962070077658,100.56040898991986,12.073048394992638
0.4553089243620795,160.25018362665696,12.550654114298183
0.46057458334108503,131.54294453230915,5.170172926967705
0.20622398041285328,153.2113907379099,9.874851737769422
0.23357739729305743,196.44794862040862,14.494326906184543
0.1646871927999768,119.14429075782392,12.27590296824971
0.1804266292852908,186.87905051441777,14.928799605212063
0.2623946684769044,121.13527544618,10.03152504264593
0.4780165714370758,170.5424492380813,6.773687229299043
0.47499593360491854,116.94825706513119,6.35683525238486
0.3478989138393145,163.4107127557192,5.731327683116026
0.16595515151412288,121.00843926254456,9.256365058348765
0.306949885158637,174.8412988858732,13.881033512270013
0.2297509934531573,148.31436801212237,9.675769024705312
0.13353760740799855,127.91127979320974,5.607585660903326
0.324954579955921,137.26885399774184,13.182951555106545
0.41592032620588093,154.7982422485988,13.305526345309147
0.25354365157014336,100.88074922313776,8.48335217166328
0.3719467323449246,132.6918752547648,14.088152539422493
0.27300976644215963,177.43068332414703,6.840101097264291
0.21434477393897514,114.62616451559717,11.857872403453579
0.4046492099896222,178.9465319979327,14.99115351509191
0.30964552283711483,167.90600463725247,9.330090169144515
0.21693720003775482,165.96410825747972,7.765407314581924
0.3810908653971623,192.18078936325588,11.780710785110296
0.17516200617917416,127.66249117135317,14.063506964819979
0.39745546298048073,195.4482936281214,11.792782875198814
0.3017285942802682,121.15965391863864,9.999486015503626
0.17269673083296921,192.8187769357126,6.212871261501669
0.24469250664227243,127.18137857091548,8.356688723050928
0.19637297472342807,124.57462716517803,6.084599090146287
0.4626290377158528,114.8779639812737,6.700304747078474
0.3583626926317994,139.8621184455169,12.625113165476696
0.32804056676561333,110.52756776206026,7.004108058737809
0.21027112008471893,120.68138756707494,9.970613769871713
0.2355610508263702,160.40759527552063,12.367238044020448
0.22026760634136816,156.19263946966328,13.994511347204249
0.14782012823986626,103.03024440780747,9.183834745862551
0.22835746920239103,124.25679955603265,7.544217519553916
0.36573187901118753,105.90424311297342,10.23538497783699
0.4809551915137195,144.28534918435844,6.282854432671428
0.47884420533450933,153.53112135693203,7.566897390657992
0.20128157742996278,126.56906188816149,8.505306703751113
0.1557667810022068,161.5423018896511,12.622246836774554
0.4211755939492331,173.43819374007845,5.622412994636246
0.32993450137387315,103.77020527300208,13.882648796439357
0.30732021874083665,181.0321800007253,8.042427427187306
0.3832462870621972,191.87017961981115,8.382891395146167
0.24253712782092296,159.32704830217608,5.108037465141217
0.3605343114372168,139.35674216921524,14.94461621142838
0.1400449430779775,103.18538602635468,11.571595535584477
0.18054780265573972,168.72629412303934,9.855795064928609
0.25424115341428405,147.31650757170797,5.725825915044532
0.2167691733717294,151.80967902071563,12.485893019135805
0.21850833722375096,147.54251829792776,13.075824662986498
0.487227315046895,163.90552773987525,10.887680241522162
0.31595875297899917,142.3193451714509,12.104263717106328
0.18318246652305997,189.46122235831155,13.375242108155806
0.2811904842380718,184.36096994776048,5.829004991765556
0.42775993398066653,168.99541790362187,7.137261090663152
0.40393507764047165,134.15796749984696,8.659156598396837
0.177771027450133,185.82340886055349,12.38297503771947
0.17974605485045958,166.04753566905896,9.606862342332974
0.2976545238078629,123.45923531153659,11.328182695480548
0.34049241466413255,162.8871592859109,6.274521827225222
0.25280675229006044,155.8884607860434,10.929404654705241
0.4661241080259155,185.00714273442253,8.589710796244383
0.15026510012833066,155.57897475681145,8.818138846743429
0.41038406652806847,142.86899753399564,10.390236983030611
0.26753964073583364,187.72014981761657,12.656156713580032
0.464258898571099,130.02210924959815,12.537938246880781
0.1531331895129716,126.47914848520422,10.152374364255394
0.4882536992796494,187.2349948730855,12.859914414431339
0.41250937133923216,105.78943846025741,9.698910486441086
0.2191639068234925,192.96476447885175,12.358435784502223
0.32292383886423415,158.30303394538274,9.128800770632399
0.4231837066225922,166.0027674233661,10.745492274932946
0.1755397476114707,124.8544264212765,8.698751657807222
0.2557489527196417,110.37758923116311,14.548160043177635
0.278289249213301,161.0213533448673,14.20951745784294
0.30272200842624597,131.5365349328975,14.674906952545303
0.4586353891113967,178.32485179204605,13.787344958309088
0.308183836926915,187.0581882258843,14.068351772161733
0.2861316847715989,120.20263758703067,7.84333425164745
0.31208656910561205,195.58985505175116,6.810277976980977
0.4833419975459857,107.27639735393582,14.4934792903387
0.19468709116377209,140.4835789642396,5.682428764691432
0.27879220642836217,173.4948802656049,8.501100283970331
0.41383835134329944,144.99344139677473,12.27830780903309
0.3270656636109804,151.41745965967758,14.195401264406627
0.16961249326895533,168.2104273454396,11.24794258532507
0.13760183161395423,109.13320233632379,11.78292028421905
0.19945683768611036,141.50647827556432,14.203924096472427
0.2749539414778822,199.34059310280608,6.473828213196308
0.35046564853646356,119.0563050479334,8.868802642072929
0.3538924543523938,127.88457464071851,11.608324931482127
0.1691945584592547,157.82178782286775,11.31687089896036
0.25087643586743247,108.29035161016033,10.106830893887748
0.14329288486624353,120.35313849328635,5.184627979975965
0.3436998200495592,158.75505430294209,7.219035085500272
0.27384970885914656,199.15016075441562,13.081373489964045
0.27775156921625416,154.34664506134663,8.778895887821273
0.32442680867478624,172.22995061422634,14.156653284459555
0.1893699664724553,137.59086355371355,12.795587630981036
0.4396868938408459,162.23901434086778,10.080893029727271
0.15419117837195728,131.36841675179642,10.24233358708662
0.3167378438503958,138.3261258422575,5.615360151699477
0.4168125526078118,112.81154129223012,7.64321449497483
0.42025592344246954,110.89149527767633,9.122633843888323
0.4265043690799351,197.05461371058271,12.010321116886992
0.13004402016461442,115.49263344182717,13.423367992259445
0.23535497427408938,192.5446300536039,14.191926985638093
0.43996270938351184,124.62605516339039,10.28035121418878
0.49988160824197714,130.2843942269166,14.913733974519042
0.13456598914431267,125.71648606119545,6.332908324921958
0.1745175626321815,157.29460823072748,13.245535551065345
0.24928522746217371,115.05168747452169,12.489759982104228
0.1298190971877026,148.74818140629316,5.7696051878857055
0.15916814392260448,114.07893547091645,13.228709128801134
0.46099563931937265,195.92094111962265,6.6180679939628195
0.13244073193003125,195.11815256073987,6.479350284691185
0.33252745921597293,110.21109060411014,11.011787813419842
0.2263818976174588,108.7626122568099,6.859547883712881
0.3930150092336782,173.8540194091663,9.719534348846993
0.19570727349516828,161.20123587787984,13.925114857370087
0.3958305193217067,192.84256824801417,14.879351995970453
0.17597745799996534,143.71765581689453,14.155936365522567
0.33179518548501213,124.6761227421472,10.422385983224435
0.3582333195058763,183.50458408904217,14.141897646092872
0.37087536453204123,155.16194833549446,7.197266921054169
0.2333296080505786,186.9970054018278,7.381577637972757
0.34258937547854396,162.92398158002823,12.805815731594203
0.31315843128044885,104.92588716099972,5.851256599412431
0.43560503101171155,182.99533780980568,5.853745580488841
0.2942179776340995,110.1779209715506,9.328057355542054
0.2916253393065526,135.33905320754803,9.544013430614541
0.42490290287047383,102.0642043746045,13.46018409713675
0.3295407630763796,119.23635601799604,9.976902042393203
0.3548668279367708,152.17922148445854,10.88523622103683
0.32593937164542847,132.45928977428196,10.348164605343108
0.36161259432521553,164.09477839925123,6.806607674595223
0.195065280635651,107.52060834305543,8.727359630025177
0.35856013613881765,191.55068577253795,12.216336178483026
0.28157761829500716,183.61239001575467,5.025917678691397
0.3972558029158543,175.90729124376224,7.265939837959685
0.33026070146405895,197.48719943295544,5.055199916905028
0.1422592203864635,170.2941870620185,14.696674292692204
0.4466691761028563,135.27774161953363,11.24918351769768
0.304156050036092,180.10264408385456,9.432237978882377
0.3640754193711996,180.22479877027942,13.475371962455737
0.30681759501046013,109.21303185798888,11.023038251047687
0.4763663965782393,166.0323479048279,5.266457230757712
0.4040397583890239,189.08269611917544,6.860426219272248
0.35087766460697567,135.71229467044768,13.482077536835229
0.13863803057262883,153.47708601162185,7.891317620068984
0.4998905987932645,101.61363671181415,7.521561240113554
0.31058889068228573,112.23882725264954,9.291051120174643
0.1769950492975445,174.26522899533796,14.274744511760936
0.1588685500546469,189.3952571695413,12.609142404441215
0.2456023708171548,174.22689022342445,14.407910281321847
0.46024027134104883,143.6785702861972,10.540645732546846
0.2623199203295753,117.63575675612101,9.194054399728543
0.283859354052281,128.1470524771074,10.381973373767096
0.4074417896152096,124.195037869354,8.888586569088313
0.4361694087625319,177.9550400507186,12.569518881873519
0.2302377856339406,189.9581226583791,8.075112172507817
0.2634760300211262,195.22114609945925,13.684104553162285
0.3490891640749112,177.10172176383674,5.70493053719861
0.49419716287216814,124.86157307065824,5.725818779633717
0.4132387954241765,172.7927183577796,6.323697566954215
0.30218819982924067,129.85521897608447,13.595963649503428
0.3571167704176052,136.43911411980667,10.360054625225057
0.38872364238048707,100.66190904316873,13.857320068725723
0.4657449109957049,194.6078195142913,5.4029445645956455
0.2414081750709704,109.64851466768914,13.001760924622921
0.1750554385183148,122.80849313385406,14.9016217802018
0.37102153689978334,108.55206866112611,13.747858090657267
0.22086093671220888,125.91676041873494,8.664700557794301
0.14989051872070036,197.40669627786326,10.624191015300086
0.3709305844879285,119.25612156853977,5.0791850918942
0.19358528100170383,129.17059909563983,7.994898076874754
0.2350823951889074,154.46841056034108,5.587404142060478
0.4121974507621557,132.81596537789468,9.848531161010659
0.4243945971780144,119.99326989719768,7.412411001334972
0.3750572379546583,133.3610216980237,5.225729794910347
0.3750784673385235,137.61045185367274,6.157317805251904
0.17830692364420858,179.31360410181458,10.772138439206541
0.35188781526820856,137.95854430732453,14.719716842164248
0.4785407803275348,190.76062351021798,6.862021337970985
0.1950740520461683,158.0435273469771,12.955324848606804
0.3155275750701597,121.33706601672323,11.337760469079576
0.3526993162464087,134.9093002112811,6.229060728961244
0.2555697988170838,117.29152996075459,7.711170871151718
0.29382463714874374,122.65550159776772,7.281709086905037
0.32747995080280845,129.03911398808452,12.432685047063815
0.46332694125724266,162.5193026832935,12.181044924269813
0.3591483228258331,144.1005116533905,9.482479733838002
0.28073520625965037,128.78722065401104,6.832055592553976
0.34854592900354164,135.10354095742724,7.058618226703351
0.36531585037203007,145.32254839225195,11.47495607154235
0.2767414636356372,194.63155179314953,14.295391115117035
0.15880642740672885,115.47978910961353,9.882136599848527
0.36645873346957036,119.91409067776262,6.164064607875894
0.21363203022535782,121.25088392615413,10.650218728284418
0.2024496937903839,109.33869943682458,13.914871130659296
0.21864621363122383,174.10307833711357,7.611730652667773
0.43352052659116747,151.90350118859823,5.720322395761048
0.4029415574324366,143.94256174185324,6.101232771843708
0.47843986129650146,164.78691768584025,11.506777142817345
0.224240544016872,163.2596872487602,5.022175741638764
0.3357628446126928,138.45306151725828,5.62389752215973
0.2796882045937561,167.70084181049236,8.884071025195066
0.3371616190351763,121.9240174066503,6.4596349844041665
0.38703555828024255,171.73554306827293,6.072078298379779
0.1787693305454998,196.1700196052815,11.139369405177995
0.15749170025245163,110.42478574264823,8.90055521439777
0.28168643445350783,154.83647956139956,10.189929737824666
0.25909751103015466,183.07679151092032,8.104307944101924
0.33301121284475627,108.59816447721553,7.526918547870736
0.44398686432634876,198.4535253049001,10.672747799937085
0.4261920455980469,130.2725765388998,11.442848418916112
0.16225370681248427,137.265107213269,11.317209528239411
0.45713670767237097,186.74618926906876,13.877553566084915
0.2465244186057826,151.473683061019,9.603824226806408
0.393297991691136,193.94490608684413,7.339347568757515
0.3485862111259027,150.12080410411667,12.580605390964582
0.13378133515631863,153.62283958759843,12.683109991462933
0.21864200755008736,164.0288936558605,12.635797516334328
0.21421685800680434,129.19513219822954,5.906229526898161
0.2707244783635148,126.27424389902214,7.3726112726491575
0.19072573628484943,148.38626260664137,12.239645185024944
0.16151293472368686,192.70165657789744,13.603883045005361
0.32266387303611316,108.67963834645806,14.965771458136972
0.46120610325284944,132.77688380967822,9.628981717890582
0.23739456703694478,117.44727138026389,12.410939994512628
0.21540241871232407,187.51467553837878,12.953545672098226
0.37502698917483124,115.2884439755798,9.30631513386769
0.3232391253599689,111.41309943685812,7.451280045862586
0.3093099206676673,191.42202382704951,14.532498201126064
0.3902459937612934,166.8016366069709,14.885903007406766
0.31132082370512276,112.84618248998726,11.172254982629376
0.49408339702908344,144.7179556186078,6.848293484031767
0.2970971739991283,139.48785704237753,7.729744809207686
0.46431492340689656,194.0373093036247,7.270592790976415
0.21921222256060668,147.60725165639076,8.620950177628876
0.1305268213971827,171.13664347034364,8.399464928299915
0.15599073089472748,158.28423217883633,7.285199885966906
0.4422280183228493,187.05678714266767,14.258680717326076
0.2950015183307014,172.40113689482723,6.999889792627813
0.14464976013402847,174.1177860006526,5.663272848057811
0.37417607117053875,110.23088849585095,10.152718441087934
0.4849777127882202,173.2738938127661,7.392962386350456
0.15606336381485322,174.9368845019947,14.712100881113903
0.42785961423366364,111.53250098758092,7.125606006560881
0.3654641197371021,199.80284906565151,13.486723804307232
0.2681881389828119,151.6213548470961,11.101348131380345
0.2885633025729736,195.5935117988198,14.87301184976439
0.28506686180202623,194.40022251672966,9.674263647436668
0.3411006584655441,102.76442592571901,11.945691168731567
0.19114000137170312,141.98126434308182,6.215191643957883
0.3628287230598159,144.5844750010995,9.254134020011417
0.39363677516545603,117.02766024192375,13.992540627139222
0.38379662435490186,105.50315701702489,7.575304466576936
0.15789528325115493,161.66514448576362,9.152500437701434
0.38347024500856774,108.31879571143828,7.222874963887149
0.20344107855550692,105.38526232302694,6.130783216472443
0.37403188841766044,123.45260031910006,6.4120326415156335
0.38366487743894656,123.49418706646266,13.63590340347169
0.4895643203845402,109.61204926520656,13.232053146260416
0.46380080447856853,142.46131102752838,11.384781865818002
0.4218440732318086,197.79886936272842,14.459993746549163
0.485671945557272,110.3992960549254,5.158590847958631
0.4916452937386442,196.2283598828129,11.07791065591262
0.3787060355824516,110.5967982719936,9.516549752161428
0.2735314222221187,130.00175611883168,10.729780263564164
0.4771398067225197,160.84894192384985,5.852118417569172
0.16309552932889623,111.84153654679841,9.532994200862033
0.36880916723536844,156.30560139650288,7.191989845226593
0.15535952778848375,136.76985554383685,11.059925116680787
0.28207384655603773,169.7970724660742,9.837459793777018
0.4226742785400204,176.68770355612793,11.079766623886867
0.3844918062015527,134.64591624861157,14.477175537086856
0.30620357592217173,107.68430820019506,5.205428407531551
0.1507634246095031,127.24285494830504,9.400285043455039
0.20487326927056976,124.04031564616591,12.14499649157515
0.35900143772118853,176.6470583074443,9.835865839301992
0.20584136185837165,199.4171253709413,6.846523414283487
0.23226340956897165,192.87728437182543,13.674963508970578
0.3629902251530521,181.74922285146934,6.720569618271346
0.17592484904548072,141.23118483442082,6.441708831873022
0.410042239113794,189.46405745355622,8.344497594489185
0.32603981004841337,135.08131057280704,11.085584696591106
0.49098252075096843,194.69621368946093,6.658151387284079
0.39054167920500604,191.67063337811345,7.622378049515896
0.33264741595063874,163.27481472314727,5.555083664135042
0.35294890035126675,101.94120316652699,5.279556530961939
0.4613140258457674,167.35161650983056,9.062299009524306
0.4799818551636098,149.36401511193182,7.886085987823737
0.43462231184570904,119.84741590729514,8.469112632325174
0.4250409904885687,159.20231373200758,7.558526540102875
0.35509784706173025,170.76712230464457,11.896410830404232
0.22185117894842066,153.64294273502517,9.427924855875698
0.25473935568663764,114.8640158816052,6.311737868603257
0.33169394309722033,124.20358630527399,11.550499503656118
0.3654742447478915,173.08374644137984,12.064389473314224
0.33480815229892075,186.26866607464592,11.548835275831857
0.28711309602636836,119.35414877862499,5.44966041011861
0.2931259234492254,154.6818622866433,10.751969579635386
0.4276615483719434,173.434029670306,9.191276432731392
0.2785801522749993,108.77438910359263,13.190756678488903
0.31805600667242384,171.0774700570552,5.993037231084801
0.4300502127898302,117.36067096665786,11.128616704280393
0.36219552341675865,185.08483635164976,13.425898899385958
0.3678444646556575,137.1684738817649,12.531660375830983
0.33439842810997317,194.53659840726624,14.86880739883894
0.40073887378396095,189.80774688536007,6.963854645987787
0.3200148092896499,171.20647823881782,12.201959158839266
0.44124204720423676,125.08525794718031,6.296621006132624
0.4202640410054065,122.40170929210753,8.533557718194553
0.40090048713597437,134.41902116324522,10.89809875057203
0.45343061550745756,158.35601265805593,13.216532353885066
0.21052684821673973,105.38454826154415,14.058741755536904
0.24895379466093887,105.4669045212098,7.7802673862674245
0.2003228538280648,169.56036805952954,6.000286807389096
0.1291393259056324,159.8135748287822,12.553660892374392
0.4441985060581245,131.4359929693539,8.108609313761285
0.25671355638659366,192.12899201418531,7.861139596988118
0.4620193905166574,184.74828567920702,6.846721569778607
0.2527727134547207,153.09009928140878,11.404844191316354
0.28177139259154077,110.14662487574284,10.269166176688056
0.45386287429949845,156.70458550748472,9.715948385658132
0.27811693615288335,162.12234108635465,6.555049505014426
0.16405559501424422,171.8081592484254,12.521022330524236
0.477599300165278,102.32637587220785,9.082315335415469
0.14837635547350794,182.9044718474639,7.365499396091195
0.3246270535321449,168.20616631689597,12.321665758256936
0.30420036892001423,106.26976832806466,10.85361583336485
0.2204213803145474,110.69174075714456,12.516114336517067
0.38224400714714213,166.86638732887832,11.862562942772541
0.49493716622416956,177.0834006215709,11.147786654077919
0.2279567879446437,163.99052313279864,6.606264974226004
0.16717562285263043,174.14789924762397,5.075186915425664
0.2396994024760183,118.16857592593264,6.432909972387081
0.41839767087533264,185.46899876203338,10.427065649573802
0.3802108462968942,175.18751279789063,13.1450845964998
0.4989894326751455,123.7591166443201,5.2474059262021076
0.19344030179238722,109.99547912331099,5.828930679629856
0.4503044033746745,151.58479534037025,12.627285454073151
0.18070018117813347,142.43612552717957,5.377782062045334
0.27102816973008975,136.08475286702983,11.494898183407265
0.44612545650021085,144.17144773839823,14.204462232517468
0.41188987944706285,122.4694059777907,8.288217126034692
0.4014657387406373,146.8520329726884,8.447646809818181
0.2087355754284076,150.15784513190835,11.37471304719254
0.2069031975596482,162.7546039968715,10.999403783007757
0.4647024053795596,129.02895664178232,5.982719494826904
0.3024646869865263,184.7492782069321,7.81022086473257
0.2424482615398657,119.61773679991873,13.683330957527614
0.4822987974256112,105.26907699718546,9.877376498476181
0.27483670079380396,115.3009968584154,10.79557394420896
0.4294150802835979,102.1386764203862,7.287737227280779
0.3668044475944542,112.53970837616144,13.377223681168488
0.20316205130291343,177.0307796925522,14.462338816566149
0.1831591159645365,150.84608714114137,11.630649372785488
0.15486871100031144,111.51816102100614,12.82444991770748
0.18055452933182523,164.87338238417345,7.650788388918838
0.16840622792904664,152.781311313749,8.670057138771192
0.46606462875188115,105.01899445653855,5.931166345981315
0.4275423530185378,145.27173356323303,5.6934231389313
0.3837507991192955,122.61176218756115,5.88546887501805
0.23952784812922812,134.65006901924176,13.007530444359224
0.35036613287620355,137.4074740268639,14.820568853597212
0.15844128320026374,117.10257243713677,8.45445046243805
0.4298313827773048,141.56419544593967,6.458595342983814
0.38013052512400825,160.91130875011373,10.041421365904075
0.3976385580744042,166.31141035893478,13.216437558534928
0.4783629012357732,134.89428833749028,5.465568855285032
0.3036037793141235,166.05961235296377,13.353137870012443
0.38254931796873104,144.33430319050467,14.182388452837918
0.47730355486371134,199.07909109186244,8.669183699634823
0.44468691396374727,165.2491242391156,6.7628604486905814
0.14056757936781789,160.8155482233688,6.5510059716482205
0.3129367020778153,190.0162197974181,14.698483888974177
0.43260687150910593,161.87114620116927,9.184955716603241
0.2519818936479199,120.5024835709196,8.588826024998346
0.4175866157808017,155.06213298369826,7.425227900524462
0.4911411358490245,187.35882980018692,13.489755001346127
0.42659566138139915,153.23467849562235,14.427176551402992
0.3718027946318404,181.57379168702258,6.61958570941485
0.39267340177582005,136.12395552138878,7.924571375338141
0.22378184354833858,110.34709718031407,11.432570262543909
0.14646186636109954,199.27183076334134,12.896982539699898
0.4267401333734527,195.02192351363826,14.48117557821573
0.22427640178696498,152.53390490981863,14.272758871695554
0.21866860202554037,100.36258481086313,9.591531669223627
0.22784208938232392,114.32643209612752,14.566765500242793
0.20054514211070518,181.3982065371424,13.361444739846824
0.4244589165974399,119.68599455833403,11.95099346177535
0.37955922103440903,163.50168724642307,9.950797502761366
0.349543231932716,125.74924645620486,8.633270613611376
0.4912466516484697,199.23258646520412,11.285161095966668
0.14142817114684697,145.3088228741356,6.33235861113774
0.4345108318073614,122.21937023110115,6.132145111638811
0.4504232491182192,129.05253592851335,9.796699090734904
0.43533674620505436,174.2634446875088,10.546387914609186
0.39183738931256,120.16349304205522,13.400635660459317
0.1981269271975101,170.21188244912975,14.828287549530167
0.13222960413693916,186.9172140502525,12.24943903221503
0.3536303491659399,181.34157805437576,7.876900164527677
0.4410545669245217,144.69899072529793,13.328175832543872
0.13294233534260969,115.31430875501641,14.537379772395983
0.38476300939284586,131.93275732843819,10.607136775781864
0.3318812621887627,152.68600658016516,13.37280775778763
0.4307249871379787,131.26316736955792,7.604852568589115
0.34614909595612864,165.2723167255537,7.116609228877059
0.4879631099143099,128.53669992546145,7.088051398255208
0.3108281905986996,132.06587285290982,6.931855160193329
0.4131693231946588,175.19924915355224,10.498476786149382
0.47804293294521427,119.40201026851803,13.913396775472647
0.28189751168311833,161.9441633947533,12.498847427185304
0.38857819984752295,135.128995121583,10.29414011043798
0.3689995673662879,197.6581454854799,7.668516334311697
0.1911256139046764,189.38696462267558,7.789289467148408
0.4027494063656638,114.19330982693167,11.240959650594977
0.287687961841188,185.94982076989754,5.126854722709462
0.3041064607442606,121.91010724752718,8.113628600207974
0.2403795361692127,181.96385040676995,10.858767327185959
0.3763286277522715,112.05411400062748,13.259191768630767
0.22423590007492572,195.61831682270144,5.581468846181394
