0.4525360260469311,196.85406628209319,13.691945402139199
0.32407088433334963,123.27283279772907,5.113988042774299
0.28642580685968394,140.2351360037365,10.226746713525696
0.3043969234259009,155.53564738223304,10.433860175425403
0.41033584085109837,171.23745740820914,11.196820961034396
0.28478441392857207,128.90750280180876,14.738552412004463
0.2501652670665014,121.8801060819828,5.658083877872114
0.49357645495753766,112.78557129250318,8.221307932041793
0.15160356678132453,122.47699389680454,8.93634914943605
0.4610543768302382,134.5461611997867,14.847494372852713
0.13577451836123577,135.16847362701202,8.80958889203853
0.411560049262235,193.8803913310772,8.196897964670278
0.28717847479640596,127.01457415914653,13.010558863263945
0.3643395522961705,106.86901334581572,11.036444763691112
0.42334045941086623,103.20081564257968,9.55447822105933
0.42131470300185714,198.85965181137294,10.839645435009668
0.1395921116158707,144.64229075179026,6.881725152933143
0.36014586757071815,121.53177994727463,6.509701076574964
0.32605411500484044,110.03867942245493,12.311584319806627
0.47736913979044054,194.3318184463202,8.747385050177762
0.3484063422027597,166.19827122744675,10.105804552532703
0.30158471811644355,100.88722855851509,5.678964035653692
0.28805608564384577,143.14936308803607,6.85883685519771
0.3236394937632142,159.90862529401394,12.209244666875835
0.23989844623971257,140.43954647747654,13.227824204975265
0.3451738817132365,170.65155434054563,10.105822466821824
0.4362731228724191,172.0678011479822,13.662616828816475
0.20127866455699644,129.85348512836254,9.758040220637739
0.3101016867205505,160.76761307177875,13.189355770325863
0.32289643940746704,193.92041360238716,12.233834149872738
0.19203388087545037,161.9725416595909,10.622833839616334
0.4112767304889299,180.66463352132257,7.986252025528
0.17689426501853384,163.53979141788636,5.0830837443257035
0.4207187241867085,150.20773926354883,14.97118661536522
0.4940152427650552,122.70786265832754,13.499572901897208
0.42980657586431437,123.61343702522495,11.568532942055743
0.4914391255805972,173.15685148024093,5.956283613008865
0.3127272897291185,146.2360078538021,5.0074388944340615
0.49585210267265833,187.76199411750952,7.172111529162143
0.35201656299223133,147.19531205359291,8.591089147932802
0.3234846696156238,156.4823110683738,13.335490012491904
0.14855499593187085,160.63666231574217,10.036127449406887
0.18511200980958303,114.54454785562727,11.378408620215795
0.456089802635487,103.28658108505714,9.280219014681201
0.45420990247306087,147.6507079485333,8.675705375490928
0.2152438444471544,104.82317771636298,6.751667792091499
0.33379078724988104,153.00854829729002,10.442215506169994
0.23714478073126868,186.54240312144623,13.469465435466029
0.2996376374864414,175.13581967858022,12.835706727666782
0.2630363181985589,117.73131006340118,7.528705036510319
0.21390914732976934,139.18955618495545,5.0720640951214016
0.23033406876372853,153.7070116945941,9.23059303677979
0.3244348717052655,174.00773597639125,14.312154394249546
0.2472488946748897,127.0573522011915,9.762239119713374
0.35360607883641126,118.72504342172496,5.279953654895618
0.2014975812531168,124.51045610443593,9.363305623797292
0.361598465801809,130.14236164863118,14.75506713245736
0.45168062801266184,162.07320313953528,8.378870742460583
0.18864935186124573,165.97301512508898,12.154490697792484
0.14978776879710218,177.51162103601024,13.886288111154085
0.36208391483857283,170.33525199361094,13.6344422305943
0.48077146620742317,135.18764219028992,5.592018048039646
0.24160815928514756,117.08509753917167,8.740487399814487
0.31398913697477016,179.0491902992933,14.524819001031181
0.23368281278747755,195.20140944076383,6.840442650289498
0.2900230075250337,118.24994794232873,7.606509673451801
0.13145258667110185,124.6279616488221,8.865118916163949
0.3114380193319091,130.35414820257103,5.130410576010784
0.45381879803131914,123.6095066614412,7.189014755615207
0.12656194954416933,126.00309355727194,7.749924989931889
0.340033046900763,152.0406592984236,12.992297558169913
0.4168791915383392,193.00787354673395,10.257099285645007
0.4756089722931952,181.63649611827526,6.89149786454632
0.38656067600319344,191.49716019232045,14.030514393073974
0.4481378882547638,164.76363959130117,14.600426255523177
0.21875628822337842,169.73739968258195,6.236318031795371
0.37353781892584437,170.96408212689622,11.719843840105504
0.31180639473178534,141.14010390774,13.666791945821435
0.3011557606891006,131.78217655823332,5.471371476582344
0.3721711881315597,175.55678339174204,10.038730496361019
0.39855009710636025,163.9688706534647,10.021837351462157
0.19560965769702143,135.72116459902588,12.297223574673865
0.40646159754825295,105.31272908490742,9.28135847013794
0.3534014034991775,173.22808502625185,8.991676097215947
0.3291589785529171,137.8544453986756,8.400816634013232
0.24733381020605394,182.06262735630645,5.773658022919404
0.13863723500456582,168.50682276564035,8.629938507879656
0.47763887738203986,117.0517989386704,9.116660325463931
0.27446321081234604,151.05734567091102,6.569092802598817
0.49349982941743464,163.27525744809617,14.296688614113544
0.3648895584113154,163.58981304875596,11.009990274558735
0.2173308939025949,128.6680150195705,6.668327487923729
0.39031992822648104,185.6138218074267,7.194459412669486
0.14828123638243268,140.34584513173724,14.65710435177882
0.1792354079784732,155.54739141267257,12.765942549387567
0.19809103291351426,134.87405060728358,7.22673435560834
0.3000981561774951,193.51378963822822,11.312191816977066
0.1664504424725255,134.27727518355826,12.037528074280633
0.4979481603177792,136.20015038483703,10.1895522954269
0.2089363475266306,134.7470024284147,6.329190742080514
0.19416206696855115,129.89113137917622,5.4858155412802745
0.2291745464433888,108.31096162398319,5.291468260979238
0.4867334682252273,132.63972180914934,11.885057592199704
0.22989326062223842,144.0279320775556,13.192827337531707
0.42255022411208465,152.60277251946758,8.538315444808307
0.24695169236427772,188.3073417419719,6.119550660761454
0.26855469000386734,104.07597669069702,11.34175156672108
0.4783177303319546,156.89004460403314,8.63225697962562
0.2423388423248177,170.307590373439,6.475157773227834
0.39541359704858375,116.29521986614073,7.793623682287333
0.48956716652369353,133.11642803893176,14.61134691429405
0.4622009703534179,118.88996122393527,5.351579843019598
0.26527255092349966,169.27054608338648,14.504921797941407
0.25919445911903427,136.86221125910433,6.386590964098453
0.40869221252594784,146.83225609944395,9.815761976766144
0.1954454269613742,105.44221679666734,11.865324672428713
0.3061334713960181,182.73510551834772,5.277760664860468
0.43723529504942626,183.9418828243849,7.773109553515882
0.24890830856947616,172.5899062112865,12.381177729496244
0.4229972126367592,108.39823696599737,9.562172988982908
0.4440420461061798,198.9202095666842,12.236339098384946
0.4280717345231577,111.2335239402606,14.798938563528935
0.24703355006176148,117.81148224770362,11.702153883440083
0.1274732162051843,142.17771952246645,11.96426252955148
0.12670590664770917,132.41001819168997,6.426449491202522
0.16983638283506683,193.93056844731842,5.744766013297431
0.30298413711573796,133.65493393427653,14.328501164099997
0.3434891459017793,167.97129058624103,9.623293013922524
0.37468984056885046,106.4271655233614,10.249385387840816
0.45083773892975987,152.89038263670622,9.01456199718305
0.1587372647139953,165.27764971838334,11.842239682340509
0.38689594896491764,124.65383309669468,9.077741038463767
0.30394248319319084,128.24167970431122,8.918027578480794
0.14653086809463906,149.93796639758182,9.176757205253896
0.27592045930092696,119.30989125283587,9.978066040571111
0.36800563512193607,163.3112712669264,13.543702841378634
0.13208355981429803,120.11514797389464,10.853781443554556
0.47342266701838764,186.7074084776686,9.506197322241626
0.4962936140874543,114.28913132923803,8.129054691443361
0.12534792300252856,136.9355612177777,7.328272355167988
0.22243273044076745,196.39732585017262,8.462910345070078
0.12680927773695205,164.97752943357762,14.41370260508103
0.3147516142155818,167.516355042296,14.788777962169426
0.28554773324261884,176.6954051438463,5.704254746677856
0.3557770710618685,138.52660587882582,13.959828118067932
0.24112673915270463,127.0828166417494,8.630421988922707
0.1366526102723884,134.78650782668376,7.004674376995016
0.43091791942714797,110.11176012555327,5.3149565723160554
0.31484866478491513,160.59615489495798,9.815588923298186
0.1776005285208611,153.32656820965374,13.05319311126153
0.44414693087373314,189.06171516271783,12.876666877281192
0.47900820373937,132.60663715352734,6.755227967347422
0.39596967448479103,161.50335417852003,5.183267380222731
0.4553104045831528,172.93673237443448,8.776407827800105
0.3666493791208878,144.66095093503375,6.745479614182004
0.288366492730606,141.25532998420925,5.181967286174528
0.12544192423155492,175.11073389695161,12.700055021111112
0.38368058831480795,118.64090585969355,11.791332192952087
0.13693718190709,188.1873829351672,5.2657003465470575
0.3470277140680421,103.6023202490417,11.18118515266205
0.13354120122328544,166.87010516724644,10.778385504619315
0.3037027419929875,129.60979652041587,9.593348380865644
0.4331738926309604,137.17799927684968,6.541893379944174
0.38115661236282594,160.23045990363207,10.466787219209674
0.31189030906816306,120.23424809516109,12.606987554511043
0.3702570600287203,187.258910980167,11.180779974824546
0.37560218232131026,137.44488163259874,8.58168617262023
0.2893304958183222,153.4120221601614,14.971032627797786
0.24656104710881807,118.03856655449418,6.361965494266505
0.416615729467948,111.59197086224711,5.928846223857348
0.49874388710558026,190.02327964705634,12.907223831719943
0.21767483595111906,118.5926914343261,11.779100092547518
0.14661083418611728,147.14025233924016,14.177487359855984
0.3591217049808838,135.1258198379652,13.483456633792231
0.16371758937417857,163.8490189224186,11.366396669992996
0.458054103498466,188.75300285311306,7.29115594370997
0.28065211416874297,134.83863491522092,13.34481724216212
0.3122669469096607,171.50151600266767,6.093257882854686
0.25195905701063626,177.06076375044782,5.044106211325814
0.24105554880525543,113.4546153366188,12.503065235191073
0.14713369563373088,114.10846323883328,10.114760150880436
0.37462374286346983,126.08036008711484,12.894244173505923
0.4764073420358115,179.74621017873474,5.9127513143575285
0.39231920487388533,134.09924455484781,11.615402331247322
0.31939953204395477,169.3922453608193,6.950282398710059
0.41582835301327814,178.17000870628453,13.966512669581853
0.4928042446672722,149.04461969124768,9.631610742977484
0.30584996631408673,128.00509184565425,11.074351067955643
0.4331612084021234,100.87362410202418,7.453824609724617
0.35025992442606635,162.0050225276152,9.722929766791772
0.31357892996956616,175.17821831731857,13.241993550664047
0.2444299309931534,154.6959344908929,9.299047496537673
0.19498767978840298,128.54450648163083,14.941781261207796
0.25027265028870654,105.24838196037118,10.60433460566204
0.4164640374556745,127.16590904711137,5.7187661520662605
0.3023046542421485,187.1184058945807,12.39990170165169
0.25813370771479627,189.26889606537065,12.588095652645258
0.24634345328808033,190.64025053047277,9.361223806573324
0.26268574430127223,131.99248888825483,14.097872903273615
0.4082383106647638,178.10835790446325,11.4099682078935
0.4004680145879462,101.06586263771993,9.285487486642172
0.41932693716982206,191.78501082011502,10.224812005149793
0.38321254901448887,195.1934972421207,10.579229972303725
0.34767502328038513,143.4346649603405,7.9578061637628235
0.38662637406351474,146.60048254269128,5.375865067906878
0.2129014717428369,197.31354448504985,12.39968439092041
0.3413054058845536,128.3273685584243,5.8116166933905085
0.3729774283152941,133.8590697042075,13.782477084324142
0.48282261081790384,178.08900159408756,8.897368603249584
0.2570379110881529,138.22368137291087,12.607188416718863
0.324613597332989,181.5104463431739,9.220981253311521
0.2810926749812328,175.02335620644234,10.661890280492168
0.13849395846827334,137.07458158004675,7.650172137272357
0.15194262830824012,103.45497063727768,9.743726785797804
0.17703936885679106,126.10074563408087,6.920021251716858
0.2937136459466551,193.43285099276352,8.805360233676218
0.17934170172757813,156.94043007053347,5.650755241156547
0.13132925737330742,166.1011208911068,11.037830610887639
0.3512487524282605,135.89730742598718,8.080233361590743
0.4337506588834009,156.08119038208747,8.470410382735372
0.377658233340211,170.01429714196365,11.74198421948812
0.37739303034113525,185.3303972700731,10.27303882340609
0.3368527931485444,178.74203870988168,11.148518582352867
0.2907715005194721,116.11247703423537,10.105653646947363
0.3769411530232175,162.85485229809188,12.9118392084332
0.4290900761748686,135.18592613466964,12.061540037626333
0.1463044292287515,160.9661230911463,5.351775168210552
0.46585793721783286,148.87998813255808,14.01414888722869
0.3194446916754771,158.88554835609716,7.79834817280059
0.25921468516385693,155.84229167615499,10.609215382230575
0.3077184649912661,197.79329649378752,8.619947707863247
0.45315689150592686,149.52720854078495,9.86756460282206
0.48406709017903216,138.45716268088705,13.378901603774604
0.38197654909427214,131.6542557806532,7.039605779321876
0.4808979748237248,184.0827179241279,13.748790789887398
0.24501931653354705,105.72699506565782,6.984257049204029
0.2732337297510077,132.33483840621864,8.794123291789369
0.45613353449374633,133.8474673917892,5.076902491687204
0.21926719451276128,155.58239682599338,12.463804314117105
0.3489235888872811,170.85354222835628,13.033639506986807
0.4491027207093885,176.65856243280132,11.07794629598347
0.3228520965507729,174.2906555348738,14.933046142816268
0.3165279195438914,174.5585210870672,6.103247130841879
0.19183480362512176,153.0896348131244,14.895941853561522
0.37213623261616013,115.6274247303367,6.478095620900009
0.12707105416930298,185.9371653190472,9.18827083905768
0.47662461897218555,128.21803461936128,7.538529295964695
0.42811070121915523,124.03386668528807,11.86128403773893
0.17349460694044083,162.44979612498554,14.99863472508978
0.39567301588382725,153.77390219381584,6.770917335676848
0.24665562567750732,140.15360234998604,8.488889141236905
0.24286065187596337,116.53007144966551,14.639729452863767
0.21463178084295437,150.899524731617,6.094033396555266
0.15142693459006884,176.1528351529372,5.60913717547142
0.32585786205253575,115.66440721021075,8.558128624416147
0.3924725904873666,184.68414971390263,10.558566080236858
0.13822130430181115,115.55207882479517,12.847788445757889
0.3382388478203632,123.51618033642585,12.090878069882573
0.34295393795015405,173.8459937541238,10.105168861476665
0.3368811740561021,106.77063022845375,14.884251926267996
0.3461128216268283,167.23815410010968,5.710439373709893
0.4038337520029256,184.68339053587496,12.052209289029362
0.34385337964588625,102.33477158855618,5.31420588547423
0.37004572748665443,158.26812853083288,11.257317615798254
0.3426906771405791,131.34279478938416,13.678168423612316
0.3254847753352511,104.65407936298325,12.318904820371158
0.4106694149642615,193.85951713096296,6.530615126627706
0.20002283793612988,117.60355484760439,9.440825728663281
0.4220237410437812,146.51258979230735,12.015944449065826
0.3715273498295019,108.26356329171853,8.87963070991184
0.322690763793095,126.33203543650346,10.617611780897015
0.34468981082629013,169.10525804128457,11.307385091471334
0.3641102166111196,190.61529745858064,5.825520335160556
0.4176134571022082,126.55780601002557,11.604275272870574
0.256173742087183,130.01278740485228,10.473463279328183
0.2305123097275301,185.41671328398928,13.36995910968396
0.27295777491956996,102.86696113777413,5.174448545755319
0.1885076325701635,163.57565624246263,9.266278406710729
0.3699151466476359,177.25308223950503,9.42814610020349
0.4121008200344404,189.16415916863815,6.37302013500933
0.4867248404203058,174.47911570524002,11.42586406239781
0.4627982145673327,196.8425787226041,11.116144412780745
0.24257551118624598,199.388449334175,7.172128448000999
0.35010118070778956,139.48583598131006,11.608817214813925
0.17173530743093313,178.81580723141195,6.806251791659149
0.21280704649613433,132.98747120431594,5.806151542985707
0.40438032278414493,173.88874005666247,10.583889797406474
0.30966330584150586,195.09871492726683,8.633759550083544
0.47544236558208347,161.9366734020719,8.754303913354937
0.1890565659125169,151.69655197132226,6.6697137146899745
0.4671094553818869,144.1765438366134,13.903562436910924
0.2906714282197653,162.9151107611406,9.97305125369807
0.4740891288392591,141.74558674179235,10.759759533807944
0.1765101547891753,147.16285223531915,10.319938739430562
0.3471709055788636,183.36176055887347,13.493060656476448
0.2801253808292614,197.57225185679198,14.450697463319507
0.23249636663073214,121.03177830815535,14.753971548028012
0.4987234762974907,117.55901088951283,14.125721709899938
0.3910487149301327,199.72642842551272,13.381523508854988
0.2953255264939641,158.70293144748499,6.254437992541481
0.48760022029192535,132.1884659749713,8.095181577190338
0.37624114060555486,116.51002426052355,7.3567136062795
0.372917045146363,158.20154891350236,14.016959934901589
0.38121365840696164,132.5550561123536,14.454287754835786
0.1827669544556015,137.62853869568266,9.960759157359606
0.3674945479923717,101.69215226388815,13.372833733488914
0.494497504230607,143.0326558342133,6.187979652374688
0.2162342975074687,196.478279020073,10.584288519686684
0.4336423776871722,142.72571835681435,10.586451582587106
0.2187460769369568,156.8137029000678,13.4052848078357
0.3498192253042868,116.02031648274206,12.288298886600591
0.18847018156403633,105.9821314022211,5.740180348386447
0.26931632688159124,100.94769209674152,5.280613612840201
0.1966963051577595,197.4304681577038,13.199937038280424
0.35579698664501186,158.767438658437,8.076777047379782
0.16666914534841928,182.46842296949984,14.036422580961037
0.4376198518971789,120.98458058996982,6.328776360736744
0.4623496071654558,118.13172250174262,14.059997795645867
0.4754479421513184,182.54422699273482,13.150758053518654
0.15301277679886782,132.83372687292308,11.136233165321716
0.3591288267097859,157.62138150001823,10.375650811123391
0.24734382831993562,134.63978160217113,5.737920630118572
0.4666971933742152,182.7729954786526,5.409053901984731
0.46209157030163883,177.07393082278287,14.853116359034281
0.4226612067541902,129.61957421534,10.668608570925763
0.4764425514291415,165.67175551858068,10.315945242445757
0.23326821667470432,116.27860065368377,9.577654189642661
0.2633419395781899,117.45449396840996,13.941429634783155
0.21999734674153248,148.19154546243655,9.512456798898086
0.4618542837789151,118.23174257671863,8.776346507857246
0.1609238315048429,168.5297813987587,7.621477538226512
0.3799824521757411,193.5328565057033,6.056642517883615
0.14464639774230803,158.210041519585,5.691245739912192
0.14795982441360322,131.0901660639559,13.413064910800662
0.2712944446379397,189.55327362072092,5.984715719154012
0.46646010112044173,172.88545241177596,6.271850009952232
0.3942719794603833,190.70602173521388,13.494636479804555
0.3434122627625924,128.3787549371946,9.59611762011086
0.4732591901856392,144.4391514639919,9.604050596642946
0.1907862908153618,128.10884600687518,13.026913580003992
0.1446127109782274,141.49821994924363,13.853973980163978
0.4252254740787255,138.32279319151144,8.38850649624828
0.3588909554097982,160.0809350371448,14.101074350793246
0.3268104751820088,120.96577815161592,8.754613814342534
0.3799767804410449,149.71929348576163,7.372436255410913
0.4208447845110228,164.80454567275595,11.968101361165683
0.16806697962312417,164.73258968076976,11.272542308107479
0.17501900841938378,167.61809342819947,6.981629650555631
0.19164562097412224,192.81458676762907,8.446312397864718
0.233380121489278,148.04929357198753,11.899101444208563
0.29045458762697846,113.55765562090224,12.597770783025979
0.4355066357740618,118.05364580605415,14.2659135553237
0.14141680157569486,194.60318276837313,13.49075701700069
0.19793444678988836,138.1476533803298,12.818718265787293
0.4505137401404203,103.60207917603975,9.2438361705854
0.231298928503474,133.60805593119125,6.689192116349294
0.38586623971743034,100.81820802953214,9.663485954778041
0.31563291712455765,170.21808441290756,10.62405009460667
0.3350188699104598,164.54702902343553,10.309723622823672
0.1936840115058721,105.00783738402615,10.640784427561986
0.3324632636206313,131.51767652381892,6.734594923471009
0.13163758704442047,104.6529913237016,5.252299480216198
0.22850956952178753,179.98933661872735,9.878437137614231
0.3220714129729402,128.6739877102535,11.74712622676293
0.3773858591730816,105.48689431200559,10.15085823729421
0.22741480721154636,154.75103911105447,8.181551038195684
0.4337981954308429,159.28224530317422,12.791748192928925
0.17331328213096803,198.25830740363273,14.018059711179038
0.3099767548435067,115.1321415297706,7.212409490739136
0.16263217962506338,122.75517050282201,9.14521038483134
0.17109958630914612,179.43572718515935,14.900385636774342
0.2638693368998475,156.11803633226162,6.943491277112618
0.2718726315938235,175.79752162646122,11.374110647490827
0.2136016014987486,193.95458709037933,8.474302841113097
0.42548216483986523,145.8856591318396,8.732259901440155
0.34979249979688026,147.59757348610003,6.087763919470338
0.3210433548769161,178.6180385905949,11.003023980691044
0.4136778372953311,128.30410926216672,10.557363817889463
0.19698152192484966,187.13366306109293,6.6248570041115595
0.2290280186502492,147.9087938500536,6.70314581943475
0.3026015726663752,183.27906127608446,7.986408944193504
0.16881905219342203,137.01951817090932,6.514273438209743
0.4165415323387023,185.19826382505437,10.221424514190538
0.48616875584266356,113.07844368770418,10.830986611423786
0.2671829940822942,168.3275558224362,14.466808017229734
0.2755756740335763,153.55671081969868,9.20318804088839
0.16096112457594242,136.26894209512483,14.29523841511778
0.39227512528664943,108.73430200851568,14.065284628112703
0.41897512417807914,155.22298947868578,14.953701497673249
0.44185415611334344,113.15578944864353,7.1447695218465235
0.48637459670381683,102.23474248800602,10.566954978250271
0.24234614399894272,161.32730685208577,12.293188603146241
0.2501369918988869,127.17952043622529,11.801741946140314
0.2361537632980088,145.24123335241921,12.906832387558067
0.22524266610560545,111.3925986098481,10.933802334309224
0.20957739459892788,168.7561514097827,9.865765721240544
0.3843276955492775,107.64645461260601,10.507549080668667
0.42663956073683906,174.23423003217383,8.444781323856795
0.36892191850008244,183.45075381544459,8.708085688114322
0.15382597739815873,128.76097577184132,7.748825016397496
0.4261793506182591,182.0397474355637,11.608417631522375
0.36913879493229673,123.97130037563855,10.076263412717779
0.38588749642060394,178.91619595743595,6.3754034724707385
0.1353813995251778,181.3238363247759,6.531721157836916
0.4086055367407062,175.1566689506729,13.993682949417982
0.28391059646524275,144.5775884925019,9.026817867354207
0.27325502349142433,192.27036492031294,10.890789276021412
0.44519549834239996,199.35135184267864,9.871229967882826
0.41468966641778526,123.37594299007122,11.483833866503684
0.4089520213996958,188.76890408530159,5.46661140008124
0.2416984266234084,166.5375043226661,12.134274972181188
0.4631281020956364,140.18970958421306,11.997923065067155
0.2756727252680645,187.51139059801812,9.376488516790328
0.4866826674965282,184.16443461724893,14.334785968191323
0.1718393551065359,118.08739130330935,14.18251528040024
0.21661894820124286,136.54211274489484,7.331790630053737
0.3530675129123843,119.37170055244708,11.604221916439737
0.13516224715664987,197.37597314276206,5.2084151977986455
0.28228873510429975,115.02473764440654,5.855718709007506
0.18520433601539818,105.27582568193301,14.794573702222971
0.40358006623357207,191.83673489285485,12.032965445821262
0.35747155491853266,155.77073951793915,10.07070465736191
0.41737639711984204,148.87590154848968,9.428386576119873
0.27676623394071537,110.153951501608,11.826429672858527
0.21500539040492211,188.62887198440563,11.590537164039432
0.2508235057699585,179.6429381044085,5.998337568746903
0.3685030885600407,109.91135724764536,13.781760065430516
0.16850322092335512,108.1125138363629,11.420808722434524
0.32193338932312143,111.39978956162986,7.790986302057937
0.2253503240647975,199.72880579184934,10.049786369873152
0.3807674771080135,186.19760436486325,9.303610713333455
0.38050283201377716,101.6750898533664,7.712277117238874
0.25403665551749277,137.14531092900498,9.222998840219644
0.21539224074351163,125.72527864434886,8.756981496926214
0.49744764837292355,104.81905036000143,12.511678674185262
0.44294223429344876,182.50911189691956,13.924236809068274
0.2613772301784597,137.78049007979791,5.3351897350342545
0.16019651376352134,127.4343085962849,12.262073424456434
0.198815100712888,139.77647175361756,7.2079762088097965
0.31874403365796977,180.6844891192288,11.825340815400548
0.3573322314545653,131.58824807401004,5.672566566672218
0.4931122863707743,171.10647431257865,14.372382766077559
0.2768516802506735,177.7695305617302,10.872692432103118
0.19499574256371704,165.70513830061162,6.639844543929849
0.15114535168917612,155.0739735029063,9.997482354587746
0.4794778763511195,170.27213009801022,6.601170756471097
0.38188692153480075,124.38082024067896,6.2404156504349775
0.43541380707930977,166.58233973743995,10.458063631553824
0.3651132632469647,139.8676301138046,6.712588584824887
0.1254658926827267,182.7141849832111,11.108456130556075
0.38799092687844466,194.717407655849,5.383024701508045
0.273721412436605,131.96037388221515,11.289905519571317
0.31965106448592157,163.83831039747156,12.882903516923463
0.4595561814954301,139.75796270955155,13.280775044886425
0.3410021081031718,177.55692007196154,5.058963092142312
0.30878599702165566,142.38797148012225,10.814806755810428
0.26723995037124443,110.57042621286561,12.419759847058346
0.19730819576017783,122.14204711992613,6.145517071263424
0.28126130905137475,100.16702026321353,7.191901099539083
0.2901629846858658,100.96956260507032,11.471822873673393
0.18842583672121024,127.0884480515357,11.470105224153905
0.36421196592764143,130.74121872546226,12.034658666814188
0.24375249673033172,145.82141984594597,14.974129602792045
0.22549619733337328,144.44348445353586,7.921546476170036
0.3050556798314375,118.82077960434745,9.72370058918388
0.48606968960473995,150.72014959538683,6.025913273585496
0.23148566253430092,193.0676689664714,7.438905466908773
0.2555185403836084,185.13017040233544,11.78122517168061
0.22137677474937625,111.61993138025959,5.827619826493418
0.23878052219374674,189.46903155985444,5.2594351069609635
0.4736555939429822,169.28957751828816,9.36059948942424
0.2789777834837464,146.71470030077955,14.295435744323328
0.14571145528737112,133.549352960421,8.584096807242787
0.46001410263980624,160.08993845735176,13.119990244079915
0.3726455100851711,131.60264150100934,13.876921478703071
0.2195403807646626,138.24417478430718,7.9671046191406845
0.3461189644723757,171.204845006675,12.610692127141956
0.31060293580400766,180.9568617514643,8.13777142509937
0.18856977537619615,127.57983698301712,12.53677570784475
0.1932924120724586,173.22343540443975,8.027223949254005
0.33659306460836314,102.42874129081714,10.316152523371942
0.17049716052111638,108.30319460545445,9.948101217903506
0.38540939844191135,168.50528169279954,10.674106834032765
0.4462642700783683,180.1608569784616,8.580666548264624
0.411396300946946,123.06952577923363,10.47165666660281
0.21950548619697025,182.3097914894699,5.0798868868553875
0.16692452209695985,162.6758553572389,12.707756554806789
0.43784111490264715,181.12542685171405,7.6766353134739855
0.3243094338982062,137.82109396476295,12.044299042151447
0.15302831708680373,123.47287488729734,14.753512353730091
0.34711625592895284,149.91980487218842,13.368186543592012
0.39073641290917777,181.57171483717988,10.527166002452933
0.2398546694759841,172.8212499385283,6.74487974580395
0.27851426538620083,150.8238209781745,10.618754759706759
0.4737765209802103,157.53866502722587,9.626949457614717
0.37603095426399225,155.6566993389222,11.29412599601051
0.3605632583782537,140.06347979992478,12.541841715762985
0.1326456722725517,109.1272159099297,12.500697591958957
0.39374215576636906,183.74432505613805,14.915982242535165
0.1395363026202935,136.6455767050648,10.356726481842081
0.40783948564845807,176.52586451276653,7.29165336467378
0.19449775870346614,195.19421464262575,8.122271620496672
0.4666438455219626,106.76782246339079,5.199223057475953
0.29409891768276397,117.66442287902149,13.604931762269747
0.3473675826368045,142.76196627399167,5.086900236666132
0.3818629895184659,142.49266197134205,13.741508182773835
0.16172662130890092,175.67756097164235,10.660194390437319
0.27681695973095766,171.37845441082158,10.50858863734769
0.47501407006532304,151.32040428508571,12.528871470398474
0.43635014273601797,104.25216185253205,6.9006998379916995
0.23575904703660466,107.02059783692481,5.748320137299534
0.45396010659859537,108.86073961735453,7.978951609196924
0.46192541027429773,146.2720030056225,9.794680256161293
0.3393321977095177,162.93130766229996,9.641774750308343
0.1491786831807994,191.61107684974553,5.828554757795943
0.271490754630856,112.64913619216655,10.579733191768332
0.37091907398778207,144.32284421151576,9.648956590465351
0.21195188790553438,156.32386259588415,10.714906878130984
0.32357236010623647,155.4086808801044,7.309412470155644
0.15931730603270383,198.72883730079695,14.808090243143843
0.15158696072106373,110.80857712359187,14.66358756419832
0.49860009055986254,183.07230351597326,7.380814036800666
0.16712627781388048,132.1248527718581,10.855472587817863
0.29515873546344695,166.42858466118696,7.661612963181269
0.418039237842106,123.64291772558438,9.55119949995673
0.44390518076848373,180.1549776808761,12.058969313663642
0.3892016624654761,143.51579322232155,6.023451177633628
0.24912947255203605,190.4950369876022,14.319170949080046
0.4243280999791443,198.88967448404568,14.521585609788762
0.4981009578935742,109.06382366078219,9.488564382105348
0.36512503818441366,148.71081756477815,10.978364467784063
0.34972824320623885,177.49657412710647,14.418424466292821
0.3555612948139831,126.68061462164853,10.330493224887121
0.3523533145463804,157.58782147725483,12.504328383011003
0.1302312036061133,150.87033873593015,13.432872235323153
0.396909562957409,138.6606954521398,11.076419374679052
0.28259294997361806,130.9584086328614,11.099305821158671
0.12586290362871017,128.89827604614504,10.344186572841837
0.3804611182674987,156.27016328080197,11.777048835095062
0.269383348970865,167.35600493057467,10.483838032880048
0.24298613966488292,159.0733416960263,14.888265119781124
0.27524422001861104,173.11545794292738,10.213050043436347
0.41454954561268936,145.15508561637293,5.062601271055547
0.3370684745491437,132.02748054667268,12.330177394098296
0.3755545544602411,109.70107741753868,9.180011594373996
0.426195000135259,186.69219878789445,7.240482123619816
0.16950923599996504,183.79667705691224,12.989511877612273
0.12802492954193104,163.0868838795096,7.227363384938269
0.31833097965556834,120.42426561257247,11.497484975121692
0.2834717130681505,130.2111999679679,6.371437986993734
0.13220055387239357,152.8815155205081,12.163613725002673
0.3807031982714299,148.58923208404224,7.22980109022097
0.2318087681024828,159.65430451513043,10.044434788174092
0.4494725534339314,188.54189737105702,14.991090330028252
0.37162934936916553,157.04146696389716,9.844084295676332
0.3996691477145565,172.28422037062447,10.733770815735507
0.3315282215287221,149.59250997013845,5.397265179043607
0.29722487473659615,134.34077768591504,7.458149459734825
0.19192050852828874,121.84611789207572,10.837247135227397
0.49617492319433665,126.4291256361341,13.97161898273401
0.14034119339722054,166.4831008043924,5.33714468528758
0.16596825556436592,121.11386139845419,8.535106922909252
0.17534381389056747,198.92203101057476,14.471424817060717
0.3625799320666104,161.96548300521596,6.196063648286482
0.25393760899053996,109.99993952555894,10.826078461439492
0.21346557359988053,182.24482932491208,5.487728029070641
0.18796542640629968,161.67466630935434,10.755441253270822
0.24042144550749395,188.49881799751114,5.886485446639301
0.28506006541382073,122.84940505859035,6.423915810252464
0.1937509323657824,177.70816516537946,13.823309946960533
0.4517570802161977,118.49769225252214,14.208852517659835
0.29921431638879614,194.9025734710974,13.605806493093086
0.3270102666185689,188.46034750943477,11.918914931126803
0.33682078707411856,160.104664678584,7.369303861429055
0.46520664456091276,114.70725976851894,6.116352559147959
0.4826022498806864,177.115941897078,9.50355065930978
0.132271803054212,106.03921363868282,6.465491296732971
0.347372116942517,191.25746517495708,5.683777341689348
0.1576921975299111,182.28891386548085,10.35215306418793
0.18503667470070562,153.31115299154467,12.634688741446816
0.16781578472201375,128.257761614591,12.133447480698408
0.25913597342795924,185.3677030007604,8.912074061021235
0.23117729420594926,180.70755972707758,9.14389825076718
0.36065942268634976,151.1134352810326,8.293282751733859
0.2075387433924546,172.9662068901951,10.792339020660544
0.4825527150213125,150.8424998430626,5.192894288239236
0.12989621220589476,113.89740082225424,10.014491210883522
0.18354574407246038,162.79915425945228,13.886218472682097
0.49420242738021386,106.69641050796665,14.883750642528623
0.36536684259287944,185.28940049781875,12.255419427047297
0.3289898673514735,197.56963413026222,5.765332963159463
0.43736813297870986,109.46584727662534,7.158130693129675
0.3638583682808504,140.16614633258877,12.542399332480052
0.23345264487944528,127.62162827262487,9.548152004756105
0.2711660523051802,154.12462239728944,7.099541540567177
0.3691233180280004,187.58981888342032,14.817414981084402
0.2921376935843296,152.1918323683367,10.519538939868585
0.47180457971715717,189.5388977411617,5.103397525339699
0.49567912991172813,152.61019581489455,10.604354905409817
0.20205375040746376,189.57927499335824,7.319634045823541
0.2615028133450437,172.85682613019202,7.439689043491057
0.4709151664346855,121.76905999069626,8.964050620462277
0.42867284379362713,130.65069620340265,6.85947866051173
0.2905039496863922,194.95133024681718,12.630508592873209
0.36905423929471276,164.7059127058954,12.35642288357506
0.42853706995275953,168.80418437879104,11.197417937818015
0.44299501747964004,174.42560689508457,11.80758728821647
0.17180742872653976,191.17883454058762,10.282349318798566
0.18778691419152638,185.95635366986005,10.387965258084648
0.31866922504746154,127.47692625225761,6.865071037239771
0.22586767607839553,139.35190432186658,8.918200341645736
0.48734881547197345,193.2906395890708,10.669229897750382
0.14079039686046826,199.29388123795923,10.904247228000575
0.31521457984091883,187.05816319131605,5.6658012025594395
0.39516433170815624,184.8125356092943,6.685906943653838
0.31799762569361645,191.0556494988037,5.265064961319741
0.16410318511194283,187.24670398236213,12.833847683576177
0.4848141260976381,112.5887601127202,8.563333792842366
0.2534344580724853,119.11558850201335,11.08516234048736
0.16307874921486387,147.34706506284255,7.643792126160223
