0.20873415468257706,152.31633414006762,10.507014565811811
0.14210073129980239,136.07288353477728,7.230809416912888
0.3832723106830087,116.37314250008993,5.703248668055004
0.47787907259218854,156.36813802348252,5.779923393899871
0.39599019167181493,115.84521735231664,7.502813067440234
0.23505772103832406,169.66107142085949,9.642640880401517
0.2056483038928773,144.68262620796577,6.208787515389568
0.4691326279042719,156.64463287191955,9.720193157419272
0.24296240924270432,104.32157297366261,12.52444916959973
0.32872589145174425,176.71904257147008,12.90448766215787
0.1520830172654863,165.97158344078474,5.53299338344247
0.3818841697710128,144.33509620132648,9.679961473799612
0.3728972505368598,168.99666319266117,7.633294844455638
0.12930460016006556,177.12944466247652,13.161423262888494
0.17736560140561092,157.80067455748411,8.406742720441994
0.21208080780089994,119.86437535851047,7.7149077328868065
0.49131978650400987,121.54289782813615,8.564074170620962
0.13189997998648112,161.6790269595014,7.304053877810844
0.4033819010246936,158.42502083948864,9.20103554589757
0.3909698120730733,197.20455259033696,13.100391176572781
0.2864956923731324,195.77285998114507,5.477581011048959
0.39979317533438313,167.56664492813945,10.27005167794156
0.3376202944521426,172.2945249247141,11.826033501652628
0.42324225503723356,111.28455222017938,6.991626321713708
0.3954947108647826,139.38673224828318,8.391854031178198
0.18254213227685792,110.05740146112186,9.072471068550776
0.3435932991749389,174.0720520961681,13.703608417756888
0.48744731015100423,145.55648553522167,9.00422999071683
0.2371023616112794,182.83600667431182,14.098411699907558
0.4123012532192356,106.8314784313925,11.060265199758133
0.47720604966064195,110.21426577450674,14.775395164399521
0.2587582716404337,165.41871683390605,6.227857062801952
0.48550707253009323,165.11814271716156,14.366778098943238
0.4658102394779034,143.700781123413,14.332609593874011
0.3898314681658841,126.71366307428525,6.7976640141596185
0.37083250807206786,182.20278162669925,14.079088670856311
0.359815895582423,116.27725375493922,7.816461931342825
0.3455784023557323,111.17494093712399,7.695222824537002
0.1257441503921702,189.65633740470037,14.303274582187791
0.2525877323140231,142.25810508566923,11.701963631462053
0.3542144718201053,166.0923006128333,10.070628040049705
0.3631149706053015,110.82412515102033,14.512007155756727
0.1375368178721979,109.70089663958981,13.469467681708595
0.35463828273425274,170.01514539668892,10.50260127836184
0.4292755307655637,164.43820755989285,6.974771855689625
0.41499599824433364,134.46042209716953,13.504102337554754
0.2529868044289275,197.17666350170646,7.23429573884581
0.3643999747980449,113.7357141399205,6.2939907959777415
0.36922839897728515,171.7416412605658,5.9948797138799055
0.3415721240533702,141.45328279822638,6.351859805743341
0.3191051970319911,106.47247686015847,13.98208030659514
0.1604139828908527,186.28535808883973,12.384720804735743
0.1679418222828689,154.26875409203885,14.701506722952672
0.21765396548489746,157.34257632386766,10.680351230595509
0.2530596980244766,111.77266599708099,10.445036414045207
0.337949357973123,191.45397647295027,11.264006261919175
0.31085896707072,118.54445319921587,8.887791239143684
0.3397641088505964,172.7291890217908,14.877334663318441
0.19692072572597674,167.29840020192987,9.153338145563783
0.3636905657897549,100.59703654519902,12.332956023820621
0.43426267061642576,104.5811758709343,8.563425642334826
0.20765886551837792,164.88442694110603,5.864073462436519
0.2521551497675349,165.85747763718442,13.304147370246499
0.19585949690860163,101.4632868903693,7.21271131937856
0.41751625343413534,100.40843597807442,11.899208215013513
0.2036721543274947,182.87415038352452,13.079189538321655
0.47806276446601004,149.4714535487829,9.812622884541188
0.43179804967181507,155.98013288919185,13.322615939620674
0.3541969431257402,137.1507807713962,12.898824351069337
0.34292739572645,169.84641963412034,5.5974170895963615
0.19597441136889937,139.81860334246863,12.370527621110309
0.332081338078919,124.07062341362983,14.095092418328923
0.1344529906188121,129.0669896244765,7.006158085697981
0.26178384650682807,188.4635438770133,11.861240443411344
0.17740212731640667,118.7554301839723,5.39982359788262
0.1966347332993948,117.89843068182135,8.120673803914668
0.3598736504322028,171.73444278767053,6.307384842608044
0.3279496569742084,183.5634002171837,8.637571385624653
0.33516593093257874,152.25862253218966,10.683749555525598
0.4635728143663082,127.6477979641422,10.011804871957674
0.12500166871517213,104.21444583753133,8.155458416589394
0.3471250161903719,102.75787158636327,8.887341530026426
0.4143065019755874,100.54651817447039,13.32473176939293
0.40405428736509413,173.20529086937677,12.824915681161762
0.47159524705717326,157.91915523033467,6.5248360259801625
0.3925530252888336,135.92904828936798,13.999790117478248
0.44023655309204157,170.47738047158322,6.264258094261401
0.26749868314813796,139.76115463796089,13.609354880789535
0.46573241883562483,149.23057498551526,10.552318039917672
0.14133407187219948,116.83885705113781,11.447815844369734
0.29979386325265656,106.84512146937236,6.034970367138321
0.16300813096116684,132.59741263526183,10.935021325438129
0.427110814951816,174.06840044329033,8.32785543288945
0.15238040554872984,106.9970752343321,6.588127831621349
0.34277488866158146,129.76864746532468,11.255582747280126
0.15334687121414806,164.84964651219227,7.786708913657256
0.18080640836352344,196.11975481021517,13.403580131688043
0.16719216043237237,139.89680705695662,5.712828045355457
0.4760999380146963,181.71738099817372,10.786171576029368
0.4741031020303307,148.13700629506351,6.002430844262286
0.26331046580690903,196.14169086531007,5.259045086621229
0.2805692608461766,124.57511028151274,5.964229626244072
0.3579706117738078,113.49023254737206,5.594566210156752
0.20177640542495734,116.99488166480893,12.836412077261643
0.48691240844998007,113.10906632175416,7.399836035992968
0.18681420689330125,158.13410855891541,5.661572421229563
0.21899309915495685,195.7155696508228,14.945628123735194
0.3454238131094302,175.73307591464578,13.50588447002185
0.21373077157108722,171.5421491856091,8.583211139713885
0.45743039006854214,189.5029391438457,13.365955506049753
0.14069653321326614,149.72811795911585,8.018439149534466
0.1791675870362959,194.71140536069476,6.020728055274725
0.22978858603742353,126.7200306424517,7.835236718887126
0.14059780985688497,132.74535853480097,14.986352054670704
0.3549500680656617,131.11887284194108,10.123386703913706
0.4270889111009253,196.50149477652334,12.07834666875225
0.31732569013248285,120.80847431084699,8.723743436509132
0.37339201726292814,158.8887916813531,12.768003633850622
0.15092364141933273,180.6436668101067,10.275219490197584
0.26342077477977327,108.53791750493903,12.42428707705723
0.28032778888848375,125.61508425657033,14.505669551544147
0.45284317153526477,141.81272003485788,12.199974696144741
0.3389410150236597,123.58424018403667,5.679581522406733
0.32300065428839664,116.23986416533096,12.40815636438628
0.17570250895604483,136.34209141676712,9.65857520901463
0.456138771746888,168.92268912023823,8.71795208918277
0.22836710283722272,191.9772141711842,7.336359699364204
0.40165258683057514,112.47457313311732,7.092196704074512
0.26190890931763827,188.9900493352216,11.52853712293533
0.4814526871380369,105.42885664154485,10.512983271237363
0.24521770211128252,153.9769334448415,8.15096651167134
0.28208842808612433,179.03032696635722,5.670853454073236
0.4212149987336603,175.70715613528944,10.934242357234902
0.17884116350034066,173.7380859558352,7.731069746764362
0.37582983684022386,145.20785887811903,12.196857231980214
0.386215790639534,129.45292732411787,9.453937395886314
0.2561585030781617,107.27599634365588,5.963201154722153
0.24803157694087885,121.72174872352912,7.607720875427962
0.2975377063112899,166.1259607255738,9.435065560531882
0.30838283219196805,161.80257154030866,14.916873685779485
0.26881148849337,191.41790750086133,6.901191547084965
0.21495805420678035,176.2493091157902,8.54129131123813
0.13755707531217704,112.8781715520171,12.035461135923768
0.29335589416284735,144.98789546045282,13.394436201612873
0.3804983230201989,128.1837757823289,5.597685261655774
0.23596340675150682,172.35865132659762,10.700754267541882
0.3711602970612793,198.07413484087175,13.901447877835983
0.43515436065189494,144.647936077536,9.085520485147793
0.39246690404042844,135.3171406091307,13.394949978424275
0.26974172262464724,141.62581252301874,12.44151383664748
0.4247192609625401,110.2596985843469,8.545586567503818
0.48337702227127155,131.10764939090825,10.313885343841214
0.42975151079086094,191.29561630143013,7.472247213950439
0.25861817560887634,127.86812315749155,13.125404308660118
0.26596571815844017,111.67733016502778,12.194737344893856
0.35622277363523336,109.17695391399567,5.911533255645899
0.49853244895378346,172.1845868081562,9.119218963141165
0.18053682846954316,132.35955567199716,13.147208033904697
0.2962778144345241,181.72236488382714,11.416662904829504
0.3848392964635897,124.29022116044743,5.601135480639561
0.16138726992382485,173.71688453522967,9.55659699214812
0.18247541099304498,142.21058484749594,11.103689776637633
0.24866719944629498,195.22071652494807,7.78588922093403
0.4647311703573553,105.34739004353364,12.595647588383173
0.14154128392106302,164.126304090732,8.306988675341021
0.4210300062551092,190.1768670967792,14.808483321775538
0.3919577248919607,140.11887363221504,13.84191844613675
0.20879595196298623,129.2223184633503,7.418712495829196
0.43852450015477334,198.16542408659168,5.912217882123324
0.326729304471273,115.30850224994293,8.439351419076216
0.17241314023513615,139.20323576317037,8.324225025146585
0.31555843442188486,182.15347685863492,13.531993577334767
0.461895435037826,190.6823957635936,11.978270927774716
0.3041162519937323,181.82784199137654,10.790637131722313
0.3082234322005688,190.12242152934897,7.853331610970086
0.18402018306621187,107.48219319230546,9.78927054548775
0.45402362849076666,117.29534195349828,10.892767949727805
0.1640232278318416,172.09101718186963,8.918025721739482
0.3466647020487507,110.27421735985078,9.364613818389165
0.30830766961523726,101.52273800961457,14.584605346519389
0.2754828177282196,121.36981433651418,12.18816549077932
0.2622966382754506,175.9037229025937,6.297586343090904
0.4319857178718927,108.30873946850711,5.04843756581682
0.2972268535223409,197.28884476719816,9.62247694599044
0.17816603054726488,162.65434713427027,5.386739802959082
0.28195786916187043,102.06090126962246,10.523454472630608
0.1683763045418259,102.22984835089628,7.089155036051552
0.3500593245373353,172.0938072306371,8.234106251418513
0.4397750109693065,152.8234580848618,7.86906013526293
0.463454579560923,150.58887868747058,13.851353571875169
0.4285239480030193,141.6090171687759,12.711696180421722
0.23686434125532024,118.11081841035559,10.617170295564453
0.17575055074454896,150.11253185089757,10.606404969373376
0.14625992614375494,135.70818641733223,10.927867019977432
0.38072290655022467,187.3689560666209,13.022926148752168
0.43041338050107,111.055171103732,14.466699102697522
0.4960755063125353,173.24220900040962,11.236283292950613
0.3845253157740657,198.62475409782553,7.147121100862602
0.13750550552635304,191.06347140697784,8.355294666669057
0.31491182143628305,199.55117574308525,14.9457319912989
0.34881744792177954,102.48294031525454,5.811862632515918
0.3128606594643556,140.4206186407159,13.597072201585615
0.34421493231315026,117.38399211148436,10.20941723657608
0.20459245783101446,100.25206005531447,10.20393644076054
0.18050333357518386,170.45318608425686,7.400865037010943
0.208890799247467,127.39462431496818,9.957156349159614
0.43473736254073597,135.06759087896788,9.65908144255841
0.42854221281806615,145.68040090891623,14.01655782984402
0.43301869121388126,113.19945422846924,7.154592904964922
0.30269612632747833,117.63341090177522,7.083288756878722
0.15474460056915018,130.7922945436055,5.898511818052738
0.39566413885656665,199.74205784272453,6.45510935053289
0.15078150833881954,158.83685987204296,14.489912357153127
0.17760167027300286,120.54317586934114,7.543816426320731
0.25621725712461607,128.79574070288538,13.04431220385441
0.43051042102287995,176.30146195163053,7.958978620906457
0.13338004961624056,163.74406090794542,5.185276067841748
0.24097281683743776,134.88326377093244,8.414655578033518
0.3705583580867751,112.57464294161332,13.068392969851674
0.13839872227688632,160.506389257564,5.772727434056747
0.4379779318755406,120.10849342662809,9.170964994635739
0.45497376831401615,196.51199731773497,6.239690741965061
0.2979240160830644,119.25119253303981,11.915506263446353
0.16292247562264128,117.60565574968538,10.2163218468373
0.41595516771929597,112.39839142210568,10.729554984286054
0.47255529370880844,122.89105143241443,6.020609102586469
0.2655192671316096,171.59735282425868,8.019161726155705
0.4567981319695396,144.60491360003888,14.73846006478825
0.23121094519901542,163.56286907889375,12.989380160775584
0.2593319930317938,111.32386413805692,10.711774344026864
0.23113382958457546,189.5522028212942,8.385856285337013
0.404668390259319,157.37526226785945,14.53099821751265
0.21153032051737825,136.51752007325172,12.182601800816665
0.366291814698812,131.19682247988578,10.055223864029836
0.3320635055401196,150.70772705367986,8.860784863647288
0.27910035477200007,192.12896443068087,12.578827128610355
0.454249951718233,120.55130965870057,14.074038500450078
0.44546339839232846,137.78632721447406,11.254436575441058
0.3464136042601914,160.91379966963868,9.71936654929832
0.3731133185592094,113.22226227092199,10.945003791740946
0.4896241268603623,178.42306902465526,8.102530113289934
0.1401964632057751,141.0167999244888,8.399527454616615
0.1835858424678981,171.53652657814126,5.337545355957697
0.3958991927948834,183.41872197225382,11.134632419033945
0.49798280414012047,123.70215961908767,6.057549573759433
0.32736355243881343,137.87153106177303,6.384829444993645
0.43450132791128293,158.17095775071581,6.879166548245354
0.16393942875055395,142.03394837838195,14.923089331267738
0.36122211011692673,149.88763831847606,10.608119433210135
0.4287765774880569,151.46542000757324,9.75070275939047
0.33867173616203516,188.94665004779606,12.102118182456337
0.23529833200752576,145.07037762247364,10.64407397995647
0.3112148143177511,190.19575874054942,14.60310245729379
0.3881196611162147,127.26886549137258,11.352156785412546
0.21705021228703836,184.3531190212094,11.580729906971047
0.2932344525885566,159.81083745397441,5.969287122959956
0.3239209064251099,162.5756847241481,8.036229639524821
0.13976150873111723,121.96681886612672,9.098715369936567
0.30112619030145943,134.6120472241692,9.995166856024987
0.21004206049009105,187.1540595118356,14.935225864792148
0.13442643480252214,190.5365154327635,13.308034415615055
0.4254079940269158,145.09862790166957,7.525486096358872
0.46295795526810146,141.1759043490656,7.839352469594702
0.16137262383071754,157.4151343149238,7.345161731279836
0.13904399931371625,151.12123187233573,5.4474120587415475
0.27618194821611414,169.24463957980356,12.180393026367227
0.24220785653898258,109.01101554715638,11.405765435993068
0.30526943142415425,109.04471414180665,5.424177032381766
0.26500296819979713,194.77493602833601,7.13418666860867
0.3084159906860725,106.55148285722773,7.687916708138159
0.30044190429102774,104.46076718415355,6.510674414581162
0.36571649774612885,116.49757682910119,10.64632735638095
0.3384506953658093,174.21365277594975,9.87317533758025
0.2534017084580403,161.7886780638113,9.76401948502954
0.44181384226528064,154.59618204446113,11.844414884488183
0.32949041258748646,117.80463778540144,12.217093393412561
0.4945074786653064,100.83721360045841,5.5633964336059885
0.36434208458921324,107.66635118687421,8.436936710106805
0.4033124317678179,148.27084512682575,8.342449238876418
0.4969456618804225,138.25386524885786,14.197173781464452
0.1328597951031796,131.44146369697975,13.781996519339534
0.2194181404495058,197.5070918858504,13.08879434946523
0.43138264192103376,171.74870266307317,6.006278767001398
0.40718316753710837,153.02286561024334,13.677734819537113
0.3433611815569,169.75121452534705,10.052798128945195
0.336251462048808,155.87575147229938,5.880419493857798
0.17963039754894228,105.2227020116907,13.450971697496922
0.442423280116898,150.94726950547755,7.397978534387989
0.37035236504717506,152.36921970982277,6.451889424120263
0.19170587609388318,165.7148227019108,11.083240619244759
0.3739755379381479,175.02986628549175,9.0408942238174
0.4531069507981063,192.6106553960534,13.918309633626516
0.13945967902139117,108.2102582655476,8.423757997403918
0.18152131448404926,151.93275241100594,10.630576189126291
0.38434331785301973,124.10161762989344,13.27699754966941
0.24771330064954333,133.11987762262942,13.604334614459088
0.3634467114111781,127.83190657915796,6.180281933070578
0.38689328822514213,152.9156519581683,8.251141673945268
0.42654363446138477,126.91022767707608,13.254404699858785
0.1705065622695801,127.0023173666231,6.91617069993808
0.3854881548301784,159.89600954723343,8.711905894687355
0.346580120136064,195.42305470117904,13.234952329720644
0.20433608690144525,116.49833413845377,5.378905766603138
0.13655278917982516,130.33314034377477,9.40457327286892
0.48779635210026284,171.23643771046414,8.090149464232582
0.48870541689659636,127.72814356799196,9.141873080699554
0.28970059637944834,182.73495257799806,10.316857611285277
0.39858036947005815,194.65512610649665,5.2598545037774205
0.4381055032591398,115.94161759894021,11.790794424217728
0.3126013106542672,127.06163204506814,11.711773732779164
