0.31772875391475885,177.31650520792968,13.704276857248127
0.1280176056986817,130.9735925505204,14.57603739365891
0.3174187671004577,131.82844248720986,10.391999374256482
0.20797060341040996,180.648135792427,8.422546256146843
0.32708331840017923,100.58737855510583,11.731524781805254
0.20375909831702682,193.25575928787117,8.742447494814922
0.4071570957822299,176.3139001845522,13.704994552717501
0.1662916918462256,130.0091980393784,9.749057659504686
0.3773512696874697,125.75924329206177,12.011513197244875
0.3713750222653484,118.20077577118943,8.220629928291007
0.4578265463453106,108.33491610497568,12.465641201404082
0.14838126836880366,173.14811265727286,12.425113549935439
0.277968430044373,199.1382998898481,9.521372987583918
0.19620445367297057,135.16264720993826,12.148116664252598
0.2590382612194121,105.1618553995076,8.159190043519658
0.49955172933686787,128.79048566173142,9.617958714158059
0.40072554161899,194.36789507453597,6.754026426655438
0.20465801596365002,113.24776129505616,7.086811922474796
0.4983829792038235,124.66458319173127,6.100531586108828
0.31337008934937705,145.61218152233627,12.344902289458819
0.3578538279958623,162.10702266888137,6.501726341960331
0.3268529547443802,112.03472435117008,6.530255220213963
0.29381695880525954,142.90723472067089,12.336620808382346
0.15258933127306515,127.87858297629417,6.652937745810068
0.31553305192272063,157.92511525815144,11.38607928227496
0.2052596391273207,141.75776484229303,9.668141805992988
0.15615095585645739,157.02729080512438,7.285175626647689
0.1383986449180496,196.45292782200073,5.746599465577814
0.398930090320047,150.26299236106217,5.926108347860261
0.321481007884752,143.42179614794833,10.480164067044672
0.475627613112815,199.50503029569347,11.623180737805964
0.25779885202853153,143.91570140323364,12.755158765326318
0.36075898205078893,109.79909211456427,11.515860600727823
0.48823100313175727,123.69519670630152,8.927237470201165
0.1559994555018884,182.35508004604839,7.89496303791875
0.18649928090401624,116.31350503011424,7.7796369277115405
0.1276484460757487,174.87555976570331,13.538148940056969
0.47213841216750124,130.2144911808179,9.741303614194493
0.40261830045112273,165.06372227822905,7.6761772236847525
0.2709767302946011,190.52408789936464,12.308421666424309
0.15359230077560104,120.62782701771691,13.883183855816185
0.2797644106044514,120.45109984787783,8.469313673719094
0.27957459566042353,175.5284508228243,6.3308405138174715
0.4455579195562459,137.98081761570705,9.768780040083739
0.1738076364015906,127.21973764607282,14.45837971738739
0.302883322505717,115.24266173093685,10.521470351732273
0.35775095194969697,184.9026590088053,9.285688244951663
0.4842826068273168,119.56904000252555,10.16589293988249
0.27559782828890267,127.88163745855844,11.040894955045736
0.15487715635224825,149.51479078272803,9.740719855085935
0.40092703892241544,129.34563030234207,7.17088873492059
0.2020927307906782,198.20503575581083,9.52923700528654
0.4845068634664187,189.61065597258334,9.409070367689713
0.27873574602771356,166.09641720351465,14.33981338353756
0.42670136566572636,147.44753025036476,9.939436141326402
0.2207731296556545,160.7494158212376,5.632690730111603
0.33930254506671753,109.14792454845019,10.205341493580471
0.34911965243226034,177.26413691329293,10.251120281554128
0.36472817658162904,154.03668920903505,7.655824352378039
0.24161693440103402,144.3071127958496,8.768468456818775
0.33774439243790433,141.2875170299725,14.534019253511122
0.34875463084788805,147.4086027042263,14.954995385290914
0.2095226662907914,145.43218475802414,9.341976608271322
0.41020910496530083,157.1536181264341,11.880561816936119
0.2794911654974204,121.7423028089874,6.468667460901354
0.2205143280642321,139.5915995688079,5.684440013800035
0.42501261462922857,106.87282530801484,5.372955443503402
0.19973535535455295,122.22802352583668,7.64655951536073
0.13044106062635785,138.52435159678947,11.82715303111651
0.16188098123511258,169.4394100605918,5.918701288551316
0.45494313429267036,144.8035930356575,10.643102418817787
0.2831442407780651,180.306567877647,8.365633197505517
0.24726556429951882,111.4941244491787,13.177566231815554
0.16266848787742472,109.57066151123063,11.970114943272577
0.47693197349030336,109.8606705236942,7.934769887189908
0.1738191651411944,139.7674186657871,10.680589088901204
0.43618605676784966,142.84339182945683,12.766342875686798
0.27399546740505865,146.9385892988708,9.524151838744043
0.21285228938348535,131.88506768807218,14.720490669609399
0.15744127064507518,163.20865441272906,6.425445095407559
0.31628192709838776,119.26454263540707,5.251569643455726
0.3170980266573621,144.4409974179211,11.718121775724832
0.21745110136828394,196.59884078808977,9.293021662036574
0.36976393353438475,169.04066498378785,14.490471834601994
0.37639531424497713,118.29342107877446,11.502391544119632
0.42976150615565856,184.06253044728442,9.64643325300053
0.37601167106038624,192.11094917959662,9.9502464845913
0.2976356017587698,195.91930852745844,14.876548794672736
0.4792431456531806,195.9943709375715,7.554829000386051
0.35555032539354586,149.29424795657468,9.797543324434214
0.2506199148032875,146.00721682231296,10.006287023064056
0.1513693000812183,134.74394293232305,7.859777949512591
0.2629643034361757,183.18388761251197,10.30446488587485
0.20345336362273264,127.40145266380773,14.248672781725872
0.17865150614379685,137.7869184160053,9.73198341016048
0.3349170946577439,197.43729598527915,9.223266328419538
0.24967345260572976,183.0389188643655,14.625555535081773
0.1479714104331667,199.27676452621196,12.326781917303675
0.19405387600229812,111.18693145882581,5.751795991734029
0.35637309868932987,131.7225963253787,10.272816356960266
0.1925294664714446,196.72112996782698,10.74488749603658
0.4389320416912339,133.36911733784297,14.073274560269708
0.2936023565361261,140.05801562854373,12.92221349109037
0.276793393549268,188.37301599473702,9.100296887276173
0.16102359234387278,148.28757087261468,12.70701191450814
0.17887151062740114,118.69406922127285,11.895422449738831
0.4940526374187458,116.23250038037979,14.97116493486008
0.2928381157937715,177.4669992727463,11.478989395410432
0.48730215468086235,184.95385710926837,8.67663813481401
0.2366092721838377,155.56092091425032,9.355672644232918
0.2185094044333122,150.28103588292623,9.754216120263745
0.3747545515161051,199.40554446469332,10.292793135640695
0.49384072507035065,183.2308055909224,8.530543021975223
0.3307222032459328,191.0335661941391,8.604854666489441
0.20754258008489182,196.47247508826257,7.539922369298095
0.46836655327992305,107.92397525942913,6.766219874316949
0.40320113473427077,195.98786880062497,7.8833643148426855
0.2796448338419659,149.20361208915193,9.867072170252865
0.3656027024091376,199.34091916313787,11.641326048873257
0.4824302109958001,156.4960484800747,5.5867099546166
0.31306620844904914,170.8520039788453,10.46302668912395
0.30997841120413455,107.29852221340713,11.59486599781533
0.2729607716500068,174.3320713790137,14.454844931271385
0.37346612957993836,142.0913823846028,12.246529070906323
0.2328342949892962,164.9049170829515,14.847835861620222
0.340650136853901,162.11521241726768,10.271974275287725
0.3006930385583848,199.89584102205143,6.762517070510703
0.17380027226466935,171.21075880044282,13.779058737906714
0.28799566571315316,180.49690826465527,12.226570854641656
0.42034796215579234,189.78869613857773,12.066683112008594
0.2905185835225248,197.64203044712156,7.11281095529103
0.31027475016796935,145.77256096906103,6.2528032890315
0.49566475561311063,106.4424767076612,13.113887281813575
0.42988165288356883,110.88594927897753,8.776360320205395
0.20879920874283608,190.8209886569873,11.593402449177164
0.20609823749504533,146.00268640489116,13.87070395110097
0.4986212339086351,137.51219493408857,9.791798073571508
0.21111337646992162,119.68177597761766,10.040550991673094
0.30464478184237404,197.59457574755857,5.572217098747668
0.18091664604891586,128.10125413881727,13.080265460825638
0.43076690583416866,100.95544725988955,8.891457520352768
0.1301948923524033,101.79111779636222,13.07737837340109
0.22815778384729157,171.23791012042267,12.283329204915558
0.31306224902223556,114.66143655009272,9.413259476377114
0.3738062032440603,175.29605083656384,5.423623221916513
0.46985491652700573,191.32278473010226,6.1131076830279705
0.3112391889933735,127.63581036685262,9.65059222522192
0.21535905164297325,174.1253712412604,13.033311269371296
0.25658096847035283,131.45295623453842,7.430862898122427
0.1468916185836214,156.71657767932606,12.887454181933725
0.2229737023828667,101.28737577453293,10.480452458916941
0.1332532540546047,137.96757757044344,9.250220009206
0.3268743634838569,125.14234925379412,11.535222128965103
0.1941789038061431,158.1597114701295,14.191259427700007
0.2323354014300678,120.9146786634546,10.204869731530643
0.15833231592405272,155.0427211558224,13.580806825931646
0.3257934193333607,169.16619743576484,7.631193499696463
0.27789605186415,130.66246973477453,8.773581854522597
0.4686992055454824,188.5697933071757,8.355251042380456
0.48036910826263635,156.46704219384358,11.785853629042716
0.20903938347057477,172.58290801594603,12.57310071920278
0.1891036291136029,108.19595055173683,10.648771418792801
0.3785277669443636,107.14708071095525,14.828850779482828
0.1382754971973939,192.5483349840779,5.504495610066911
0.3899734275468108,187.06145468978173,6.932234554436258
0.1738135277024769,156.57292255491822,14.426907069579356
0.1703073505253772,189.86915893152462,8.70867172047463
0.22896697533809982,173.19954531398616,10.897736047670984
0.23198480500714447,179.09831281101503,10.989015312685561
0.29495599054080074,117.38925381579368,13.367308264563675
0.4765263011798795,163.9412275667097,14.45924010750222
0.22921163300044953,141.65454779487348,12.456364996359907
0.43349566172403103,116.91465598867327,5.611669630598052
0.3996344625895367,110.08113410555089,11.13529093559066
0.14066101091718108,155.5588368247861,8.900946973404716
0.4046381650080761,189.85184717421004,9.978118920363077
0.38094347559755903,108.38669993159301,7.671160480897267
0.2086889880759401,190.07901085433713,5.249288134538409
0.21295674652176846,120.39777213432824,14.627620142731296
0.41643912213502415,139.93171742885704,9.91675160397488
0.1278618627054362,157.35553062782893,7.555876655765693
0.2446489653615369,105.62095905476866,8.333556405681914
0.3321865005521307,160.60152126362695,5.478201440082344
0.29072180948249005,123.46768775282425,10.325159742225043
0.48570302354703376,129.9213052911942,10.91264758904968
0.20546555745318912,146.18448355987493,8.526241515482536
0.2868551775947569,113.22770278406381,5.637409430045447
0.37264069991304843,140.8231099148212,14.175520519086339
0.32792351281586185,187.884700948041,14.986663023194088
0.23730088958386644,158.74134064422682,10.823889448751533
0.27947338348956546,150.26543725776705,8.722752704652102
0.16647145186219628,198.95994546347302,11.14397546462776
0.2719308395228507,130.38633470465896,7.940665376197966
0.4069878850374274,102.67639856093989,5.08366729386336
0.43700500652604524,142.21436416973023,8.55119385077773
0.2516520088518731,118.53116247072124,10.04804121384129
0.47962094479496264,152.9515875070915,7.025443468577885
0.4385852717011933,162.41719675893427,5.824744470711343
0.39579338141025183,105.87370855087974,9.028717334515541
0.34298387879124775,129.41532180266162,12.765100152656949
0.1349446703904842,114.35133544684821,9.101967995806726
0.47110722831211616,117.77337034070614,6.422945046607591
0.19144664437896985,193.13089533798723,11.312113992801667
0.4271303026188551,132.8766174514709,11.516199229432482
0.48242391592066103,180.76279103504135,7.072062903892556
0.22628758254870238,184.9552925073698,8.22451571171222
0.2413200782368201,182.11898887349145,9.607834348807904
0.2515111461480237,136.6961567910736,7.8281814493238935
0.4473532453279429,179.29216556120582,9.27189629512494
0.3603386889205672,143.36223818027577,9.469723503963845
0.2640349034980979,162.08167154272223,8.306614311869902
0.13440109019676816,183.48641058787547,9.928249309683594
0.34911338832375083,117.82147655314307,11.42216017505282
0.22215265088026037,103.98158235285278,5.06749864620427
0.2802274091716721,131.20543462271706,7.205693452283384
0.48039013369438577,129.40281100035276,6.416930979984982
0.4061550603763262,171.49860987206765,11.748143113810642
0.37670542091646836,190.87077631264043,13.846012777716442
0.3118466627529851,126.3029042271791,11.048889415597325
0.3539183454860783,141.50381121010753,13.620161847450643
0.49769312077142136,101.34622807944396,9.211586577239597
0.45896735539723077,174.86614118580678,7.732507074025541
0.12768678960754837,158.26213052660705,13.184622742562095
0.40768636524604385,188.09743757906105,5.3149125808728845
0.20494790065370028,138.86253371789485,6.502921067896523
0.22870771590417258,196.43731582141362,12.281586747629895
0.48477291852559173,147.56777789627617,6.1459904968845755
0.20345781743511618,157.71667608395546,6.9340412837020455
0.46997199928368333,137.0223918698403,14.565553945062613
0.3903231651552971,104.38464100152491,14.038956992659863
0.36624834898135067,179.92730365526845,14.070533088506924
0.25924218801510374,142.6128135468423,11.118115570247546
0.12528369063566264,178.2597661117626,14.429149988750481
0.49972176019441783,180.51128403210043,12.980854660103674
0.36156804698543676,195.45181174522514,8.157394849356734
0.18641339256749,196.147790205029,7.762116061860293
0.2247357149972129,169.81393247816504,6.961216395201641
0.24178978673091525,176.2508301347827,11.611840663066303
0.24872276253635078,123.10543009336594,14.88089749977135
0.4249014375458842,151.69736199649782,9.49598369966365
0.3626345453699559,176.0787650391726,11.529837591983831
0.19644770662307476,144.70007597678767,11.035928837340663
0.4108132358847079,136.5969539651342,13.253687926194008
0.248447314311236,135.12909501516182,5.818448560599666
0.28469641469098156,128.59093092943928,12.872883354574187
0.45583351109314774,164.8049983323014,12.185350726445451
0.42907688431533353,146.78159200816984,10.154023578344663
0.42196844275030976,104.81908433295693,6.158264523278955
0.4319100447310542,169.83444841468452,6.536364174001529
0.4283729717348574,178.98239814323853,13.295123420876777
0.408713962216346,105.44784946049847,11.001471980978149
0.17045107523727887,143.97564439301658,14.297663074028629
0.3350582024931419,146.7189416847147,5.225128322535637
0.48702048538527193,156.50962933275827,10.649018321753516
0.30193456412896563,188.93682356464046,10.215366866623462
0.29696651453304584,143.75952879094262,11.252275954440307
0.32867474893731935,196.49917255382275,9.019198032539919
0.3599469850360395,104.63369398882037,13.964697914030689
0.37629217674192955,100.86537752048437,10.754692492283862
0.3988102467521689,137.98703060875113,8.926434927118981
0.161519085505883,115.1112995363889,12.436840938180278
0.34832965110019826,132.67612083668712,6.229194500363114
0.44355267441809554,131.54947736256005,5.657513358909888
0.28179069175808635,127.17299723189683,7.969477185193244
0.45205674736563795,168.23036579820868,8.629262053597941
0.1469334085796176,155.0999331457151,7.762376115605093
0.445009536837269,139.39925926350432,10.56660938552816
0.2781354567051858,147.3966174833608,5.044356570610754
0.16227478658733777,160.91473296151466,13.01246676220017
0.4453545675489544,184.08119451645712,7.995708120086086
0.15624438181622444,157.83239146637584,6.511258225028266
0.19808657978642197,160.1488045768767,10.191691671285193
0.43493920355013094,145.07549666190732,9.288713865115298
0.2776638552371204,141.0334512155624,6.571152670794995
0.43571147166418056,137.8426829334264,6.797741331214829
0.17848513295821516,190.52975936830265,13.765328905994062
0.22028117845252004,165.5022702301057,13.92838671894516
0.2888954983712004,106.4682792210582,13.959829558902419
0.43760304324332266,192.29004665925646,11.71843071438011
0.29628494323537746,153.81938758437488,14.381460691723916
0.4549305362886099,165.80330970873095,14.63049974555876
0.44189597146523873,152.2320754761543,9.090883775103624
0.37685494468828795,140.0783052077012,10.168296440898546
0.21040216466394526,156.06914395280432,10.347900124069206
0.454901941475115,175.106612489924,6.674992118117612
0.4208076997494406,120.10422101842101,8.124358440021172
0.465776481276435,160.47214623939868,11.987897969882667
0.16613336265426104,197.40914785129632,6.174842686970572
0.3728180617632525,100.36287406871975,7.718206905120222
0.3117901413463507,117.66912262341458,11.336528020369693
0.41598262260122476,183.57718756092575,14.958813926408695
0.3143313176317102,125.95292162458061,9.009127211462502
0.2138163466946915,175.39516297432993,5.244433401706816
0.46316880735718974,163.791749485469,12.131069911889306
0.2904212106215354,143.796256319431,5.6858065895028975
0.36135579498171616,132.08127979847603,8.466028675152426
0.21725300089994826,119.24342393997085,8.97881545346942
0.22742012231921194,196.78982565722401,13.343899535201125
0.2659073935271321,117.61401090795599,6.210963225676988
0.16173413473559894,165.46250733650166,7.61562250076103
0.19484174729648945,145.2626836054921,11.035979346316498
0.2146558346306157,157.24310586296724,13.739214260468977
0.4993804211142107,174.7582657895299,9.217229983102547
0.23454823649676831,113.51513328168377,9.34701565742385
0.4987457895365736,138.95524028826244,14.28538259470316
0.396036064663687,189.8693963470109,10.520464254853323
0.15780216600311242,133.78970650266723,10.973845089499543
0.20992125409334053,155.1182603130946,9.376774841092228
0.37900937999738776,183.64800856362427,9.102954220743722
0.17213809143855374,135.0914938235719,7.928908915882403
0.16124864733097577,148.3132370289518,14.963470075248532
0.2283964072710427,199.98670840983925,12.44671039415382
0.13547575546916762,196.07942783409305,9.12651879361669
0.1930954090677478,131.1871541683067,6.650388242215821
0.1666929454470212,148.01578478747356,13.52216971099245
0.2954466135541257,147.78758105110586,12.589471682490004
0.21267903564679919,185.4320477976957,8.159549117126083
0.3260304652174978,170.03291087185164,10.079778432723991
0.38650494957905374,116.76012686742008,12.653986753372672
0.2685689006363156,199.03564462178147,13.74811634559277
0.3809285006443504,141.9147474386861,7.09821551311827
0.3278904580352081,113.2140748698875,9.893530032261168
0.1495036776902376,118.37071209294047,7.6406030143219015
0.18798099026472115,158.3693571170494,13.018438618136384
0.315538572492901,174.17999929856498,9.57506755574621
0.3139312421833432,136.01095495763255,6.391320811538273
0.3789756287706323,116.54188937209851,13.78103161303999
0.17240386187596818,146.4351696950702,8.158493441187083
0.14728763654904015,180.45022331898474,7.236948227255548
0.2715432347934441,191.69420553736143,6.396571549628004
0.22323765561902026,119.90213727321174,12.62188333313685
0.4524816562535265,166.56888694656885,13.619382298239852
0.2688742543855672,130.05340215618736,10.138364885205537
0.23941868245599718,144.7719373493427,13.075306193411027
0.4863457217879148,167.90545715249965,12.133807114537595
0.2103032904226107,119.03207184226525,5.559973260036837
0.3299920506194675,108.06154627900577,7.150490595213697
0.1315917769683307,158.6700601141919,8.953880531484792
0.2162233806201383,186.99726239961083,13.984724522339384
0.2780730685428416,157.24143226474848,7.0467645815572775
0.49914868482651714,101.39335484728976,9.546127644306047
0.4652106081782881,153.9802925647869,14.249857307574633
0.4079696485582163,144.43437321125205,13.95172937531947
0.3259234929012808,106.01043484411342,12.04900233933812
0.18676238795908628,167.15011180733796,9.312018350991455
0.15493485081985264,180.31682958152135,12.780250929696754
0.27845591857278895,162.11171542007253,12.457185986700196
0.2890108280055514,176.17221399869396,8.639499902021662
0.16360186529845194,170.65543337282259,5.119254096663736
0.36301531935801307,120.86416397462756,11.28281647103368
0.319233038654985,157.8130521841577,6.205018902450941
0.29798646165682474,189.29601866770628,10.076136473689182
0.40882224243222787,145.28833011573084,7.346439962984198
0.1710412285824579,135.9053475993254,9.028060987133317
0.29191643981367277,173.00899983214606,11.53678993692732
0.27521104232855753,161.94436810891227,7.329244677306413
0.3859584661819516,161.6887874601263,9.650349549065265
0.45171306729714383,198.90511443429608,6.297405291679089
0.2911972202253228,164.74959312288917,8.933383456833084
0.2892613802237318,173.9672541894226,12.772218272344963
0.25824891753890195,176.52223281638214,9.171202070203107
0.24203835154655556,161.98622276981422,11.03181273218374
0.3273167854590079,143.59455469701174,10.801985479210577
0.4415173132497873,102.95126676406048,9.14175268293959
0.2216149022523431,115.11635313789735,12.678053197744077
0.24810133342095866,135.6891922717157,14.37187620265358
0.4832083450861794,113.33200851367543,13.129019729676678
0.4209469877849936,130.66538084453524,13.233490641215283
0.4264389550825417,198.0374343738081,11.825360503216185
0.48225232941257423,180.0286426848574,7.838168943868352
0.37457315243136885,127.28088997125877,10.958631384578549
0.22526808947673188,110.10534208654272,13.722543015814951
0.3407618683203506,164.65026280172896,8.02822652343387
0.4820929453895503,101.6787227097213,14.189588887932178
0.24548334486915965,159.88011531113884,6.108085966167965
0.13981255074273372,120.75106416249298,6.512727434909278
0.2118458775148286,115.51613354507639,14.785762862893725
0.32777115619412195,173.67169544637628,6.9665478850068565
0.45504312857085055,144.2650841211998,6.085083048115205
0.35344729771826205,154.771733156807,9.834680396344318
0.24610693584055482,151.39063870290417,10.261040830446534
0.24505159524934164,159.80178511660984,6.359358546054007
0.3442278997357841,114.70452123642251,6.89434489044395
0.32667374719984454,120.54302206808126,6.3389453349948575
0.2637578558260018,157.70091205420917,7.3441499000257915
0.2436181167987856,179.5843827083674,9.62784879191633
0.29144813210294485,150.2757372629889,14.909188842184843
0.32576878823531885,131.08136398139695,5.055817192519897
0.25611967266010444,136.82727501029223,6.839106959805099
0.38690543606068134,140.99555121784087,5.570031276772997
0.3581237609378786,128.28050972596213,12.779726338709496
0.17043718462265708,176.48841898485796,7.73870158924688
0.4270477285744324,179.439672930389,7.4328070067102745
0.3635710141115899,184.79100059239755,13.977259002026459
0.19122431586283523,129.11273761742743,10.130587185346425
0.4387067430255491,132.51597880179438,5.443046193200523
0.29423086514988583,195.07526773893727,14.21478059466698
0.39529357051134983,137.41871385893398,7.554975551028196
0.1815401270609066,153.7275038871237,5.402992473047475
0.2310999917972914,192.67996675713295,6.33410135119512
0.37031780059451574,156.2106502835779,11.670045544186156
0.1405207845704268,180.48899800964418,6.462841882807902
0.41096779974323394,181.45601887509665,5.652533364768605
0.1952390443595768,125.72015955978773,13.797663671416679
0.3979964237513545,178.45920285560874,5.133511396645675
0.4001977105380352,169.8256982899683,12.095566792311264
0.2633191078636885,109.34573231606021,13.152471869119024
0.33179997671367967,165.92635263694723,14.889883155780735
0.3814572035415133,146.31470600382562,12.83360880226184
0.4086626060123355,151.1497696515804,11.806785521314342
0.4813194713284046,156.10705597868923,8.316960271645424
0.49344326183656795,119.46863240251113,14.6237058706932
0.1552959466804248,174.13117978131186,5.2391815067260055
0.3945890544988964,120.45883358198458,9.868657945473043
0.429260524520514,104.41071918367199,9.764096351680635
0.3512665018149005,143.44495413149525,6.347428589083915
0.15074065105478335,152.5308989508479,5.083066630860049
0.1828400190556742,127.93092680668164,9.138446682753056
0.4172766122502995,154.1805797705656,11.908420611720377
0.39477709588253174,188.30365162208727,7.131651569512595
0.3513050858855097,157.2507454583321,14.085446703147367
0.24624053277443503,153.31363822175544,11.87291643605872
0.3473956071370697,102.46134713010953,7.142079279553388
0.3038432156060688,110.32821203182048,9.548742382241233
0.22600626665607293,139.68455116499527,8.254080082368365
0.2175140692228,116.33565785182506,8.479713555685171
0.35549389822294203,168.55021669187525,10.097189215098737
0.35109594748891626,158.28960956113056,12.592422286049338
0.20426748494787425,121.87109154196536,6.3889721703200655
0.36510202134874303,121.18258523360632,10.34405813678722
0.24942669157075886,165.64511828744622,13.059713553988555
0.38843514010135716,191.7615975767988,10.935317040930297
0.301284991138428,158.97605060732772,11.525903603166126
0.25242045523415124,166.50081582402873,13.847968983456997
0.4825582960987931,194.87218202989743,10.357267331870634
0.44358608056047216,198.51947285191548,11.473629274355925
0.3002368578150679,181.9574475716408,7.865837959711057
0.25039466591069043,169.58487844210447,13.53243765161065
0.1274657476683698,117.20116955761362,6.465781388436154
0.16294727706520162,105.04808056460712,14.1364187566917
0.13152105198180492,183.6713589596062,8.226070376032407
0.41578201800489106,102.08396141419158,11.523345466891815
0.23250305875250404,165.18495710067168,12.702149313175326
0.383182310271573,102.30423934389671,13.08243220082905
0.42626011323437984,138.81655165243285,12.2163023057352
0.4572299155965899,115.9586945182619,8.400912337979463
0.31288855141271266,161.0171581995756,5.798816978040778
0.49003140534374523,194.29113086851163,13.876827596215819
0.36987397721040255,119.0459767455068,8.988555858680629
0.2924702495243974,169.02067360357782,5.8332278644045585
0.473159353926586,112.65167767141202,14.764363990028379
0.4613367339536349,193.36716559085698,12.008995001370558
0.4407827508085043,157.12211838884642,7.505908789588115
0.36759511791465377,132.68286005466098,13.588744322594415
0.29167836032847216,125.52905017432076,12.173875811979837
0.2918240022215331,113.9594874461569,12.42604557017436
0.2398631225743172,186.6239569124685,13.368283119562117
0.2069147047529673,177.01744793448972,14.862657596528749
0.4626691573702223,153.28313527662962,13.741043586184896
0.22410820525459108,199.37451095214516,11.204421426331736
0.32690766297843643,184.81787662291202,11.077861336352111
0.32670762257947944,112.41582742115926,12.597561243570674
0.4114101651665557,139.39466841316883,12.080786743888648
0.4502258109268003,172.38242023033837,8.633671151056346
0.4094043071164346,151.40532324882633,6.138154199054623
0.31135697319342154,136.6252927769956,13.282399981199069
0.20766751859898158,119.98011631861277,8.74855350515252
0.254338330675739,157.43329427730168,8.346536210674383
0.40520206407344356,115.65736145713271,14.593992050050481
0.1470964710092505,175.75973841534807,11.44239548189008
0.13212969148258646,136.33787229017275,11.792976673779762
0.30628114697354586,175.85277491188216,14.804166379793173
0.2996520269155392,131.62937405532261,6.491967242557343
0.3533369756334697,156.70828751813278,12.35402277230005
0.2604395813621605,132.1850879284133,13.509476144358143
0.4992196397943134,168.35668716526783,14.063367740173195
0.17333425767119456,191.2706802429845,9.445672621044343
0.39620084293408553,197.856080362473,14.932085940465608
0.3354886015508651,137.95919824764755,11.936747313987368
0.48380835859291865,177.63024607044616,14.325739229768704
0.4307356755682283,128.01820808037172,9.869736197606159
0.24209013926690748,110.15822537214584,10.785647022690716
0.4301685992037839,172.48676263007866,14.989694968048674
0.23569852269673558,168.15814109652362,14.281349867654358
0.47993142971539043,148.51836990739537,5.628495860333661
0.41753985891114564,180.65907850998633,11.89865724332554
0.4412979431202322,138.99910512430418,5.113609888491922
0.44159110613979036,185.19346123891034,7.727388820699986
0.3682493609443596,196.99915509464103,6.961306199319722
0.17492264808164568,108.36751176352018,14.408308970443947
0.2824372392230328,139.03240359141597,10.818129290507137
0.15436852308979981,143.97488172471301,9.405704859631825
0.1824274909948574,197.12228915349127,10.586877533068234
0.29195714855183863,155.94539970299599,5.424862928238222
0.42361994174217893,169.78664689345732,6.636079891168404
0.16108773207415888,188.75968485221645,9.398732828672994
0.13364474398526388,137.34822909612106,8.745483105279762
0.14496802223592764,116.9504360337894,14.83430789594983
0.15291510469328115,152.0538286570154,5.674859050078007
0.17867279996681396,119.40479479846246,13.713957053851937
0.32919242052154996,188.72245525481705,11.295986395615024
0.20016976392166475,184.92753821271003,7.290439052599678
0.1684113615460238,166.75417180064062,11.980742807662992
0.18065939613558996,138.46394627426065,10.444080361933837
0.35764579564804744,196.23164682379507,9.233046683433056
0.1932461498933397,183.43884091846792,5.656732435703384
0.34551808925732364,176.75957713613133,11.783501799436404
0.3562341180193347,163.07921238379942,5.306073777900041
0.4578945093533239,182.90176342751244,6.703084507261561
0.30517116295537444,140.80639802258113,11.354020388889321
0.46016094013067443,125.98282452738408,11.032958490356954
0.3147910097188271,135.52678106271802,6.153621734204471
0.2040657263981168,154.7527551307048,9.552214710426325
0.4663675861885511,109.02013764994348,8.543600269122127
0.4702187018874827,196.7393171711837,12.449376877904244
0.36737870525842575,124.16255871690981,8.474411604387619
0.31958212225686833,110.44326228034039,9.646000759300604
0.30958912600420924,144.18507876852172,9.723616834995209
0.46850428930940335,176.06341795906062,9.275847865101252
0.30852806008995,157.00289437776783,9.166150600572061
0.14036777294275316,111.92978646789214,10.232786614787301
0.341248319588406,123.86905875047401,13.193510522679778
0.4591553069168173,139.63756532463427,14.332457905372499
0.24133496864760118,161.8407484133949,6.405934383170518
0.36382622433495926,142.25610822068802,8.11232965935923
0.12778927677028995,120.3510982385336,6.565882559015036
0.3710507569176585,196.77907018997328,14.64054599693904
0.38489587544949605,131.5016676621452,11.731605213478918
0.33497220884287304,166.90363650520266,11.448249583099383
0.4880511866637858,129.83935068844295,9.997773237756075
0.39220836120538716,143.09133601403377,12.485743605769564
0.3659595734666069,159.79405179150862,5.563395982550126
0.3478009330581838,100.10888493501817,5.045235477294463
0.3224647396415634,188.56353629727784,8.682442544563163
0.35566638678777707,136.9536779349844,13.034258313821436
0.2086324341339058,157.39727268375205,7.972336660851999
0.39260888624780144,174.1787491887291,10.800688365800026
0.3223964909281499,119.24313038065281,10.269474807866978
0.18395372785503392,174.40491495338694,11.288829812732395
0.41235357166384223,113.66894597055447,11.948083733854634
0.15154531173323568,178.52758332722908,13.843016717493578
0.3488481887898215,158.0194158519776,7.3125122297025955
0.1915275644611228,101.78463289346008,8.749105921161902
0.366115591421375,100.05324834486913,7.936675552820327
0.45808615952730974,146.3875077502635,6.682945767979555
0.1452219645065856,175.91318705806896,14.527456719080254
0.2086923607854939,182.68317267906616,5.0510770764138755
0.12939783432331065,191.90517045553807,11.87581034620183
0.3279139316156053,197.98743179642503,11.186371519181424
0.14414027008770627,104.2760615957133,10.01103551023807
0.14875317688246853,133.62126570695378,13.573746953634673
0.2949973229922172,129.19084511451638,10.733543435849695
0.12816186397520749,112.82482451012098,10.319763932438097
0.25130296320097967,192.43625228826772,6.953040936533814
0.22448246133604746,175.21388221357242,7.405107191859116
0.231441295744733,162.7041502658177,6.671309241082702
0.3981109679350837,120.5503802240182,5.402868580238634
0.30130618736303383,156.2561731489681,14.133141809719968
0.4973805185940471,138.0559164469276,9.652878714628002
0.4266050026586035,100.53979978377264,12.100017057812513
0.3620876896064838,141.33646521880627,13.254634498790633
0.17960059141882057,161.9503875954703,12.093566022679454
0.4540567824576233,154.06919968540552,10.73400435164941
0.3558588379630055,177.95134083614067,5.717185685355037
0.2686090026473133,101.67613279132789,7.590986370719639
0.2877820242378908,138.39840607002307,8.737448449011534
0.1845593733368403,162.95739532423786,12.311868406519583
0.491304399641962,149.21718305699608,10.683198500203428
0.34630690360823424,188.4405291408935,7.374382460963363
0.40365208476850656,151.83991797115772,14.81899282716858
0.4373687023383359,165.62144041244056,6.473051860000077
0.4678156330017957,148.03169467340763,14.003989121803338
0.39492612725673826,172.02894711233625,8.615648698572501
0.47963243879022804,199.83353337394612,14.54860380716852
0.39675217622595343,187.44460483561977,13.685295981801259
0.4356083600954065,191.54865202425555,6.36475803030796
0.4142666456317299,173.79726441371656,7.992605322164828
0.24109904281657124,107.36934233874564,13.321995598035297
0.4627648996776948,120.24516059201275,10.392742069144969
0.1697669130013198,126.95496189763624,11.728264582739994
0.2199186136970147,199.84838111093217,6.681831897132101
0.4982402704818815,139.00646202691163,10.201140063011769
0.42969416505442587,140.01822613025905,8.776642039288983
0.28480786706398226,138.04560568921724,9.825665147882427
0.23247661495785152,176.95138847166714,14.396046740332144
0.34188879156016116,189.0983817089637,7.823214141595919
0.4812331795411622,110.03865315550694,13.688802817000782
0.47251526342455313,198.33205427288988,9.94270446761437
0.4829245793191047,120.37667487841445,6.506896554276843
0.3332405997369965,152.52008359966828,13.764290119326834
0.4506083147982525,138.8049038381072,13.94934183616083
0.49066782410140886,184.43626745074002,12.187702920047336
0.3651401136205395,193.23736480562644,14.056762149751659
0.4516603949265004,106.12864455447773,9.708316450862036
0.4375514129003966,127.63100503251702,14.094201232797825
0.24441539355632422,171.09352422177938,10.787922055606469
0.32591484367729745,168.255967151877,6.562132666056957
0.24688058134697444,143.8532202496378,8.00022118017516
0.38313783313430655,130.86129594168335,6.826357917986112
0.29140906133998395,123.34355009587763,5.9348113532763005
0.18876364291885853,121.58325833069458,10.194335879337997
0.13315232290578127,131.37929200578205,12.987066740500039
0.3276460885734392,121.50542441447357,7.6279739036221486
0.3224316051649949,188.87749040811286,12.203220625928328
0.18997360780544142,185.33522581633696,6.91913506283968
0.34399297882990737,189.31097443747154,9.322275400906598
0.35459308106617626,133.0043718369468,6.8973709995264265
0.47573208342973416,188.6794405389044,5.8235487760784865
0.4033116477236546,100.77262887242325,8.583812245576706
0.1833349692017976,116.16043272963768,11.806566125002634
0.26378615638750247,145.94563511571496,14.491751223505474
0.2257893135301875,157.1250357424908,13.79438849469918
0.15353088569186596,142.78907183651103,12.034955337610072
0.30831599324637315,147.2867960480326,10.46346482864959
0.33960670229283113,109.49676843742655,11.156556898597675
0.36361910388867913,191.15899173289733,14.47885076543092
0.25033184825766475,132.42794988076506,10.336217272447197
0.16174194240981898,147.97084506054438,5.806890790990766
0.19896031674513126,160.3864078903203,13.079722549929155
0.28875216665504394,124.34989049864593,6.950509287705108
