0.2884980883032514,102.59262318278914,10.49662477878709
0.28824589723185384,142.0367802087489,8.303348210038742
0.20174323776419095,161.92709663506636,7.996546736745231
0.225060228163575,162.11338327692948,10.29142094277039
0.1754674795043501,151.35781212657463,6.844398656469153
0.41950068043125255,185.39752926394888,9.942368373819278
0.4424605570090505,107.9645477009061,10.052460901217039
0.1494824391450793,142.81223275973895,5.965309156606126
0.17268498938797905,159.67453089785957,7.260120006042358
0.1651046316162436,122.03062070705597,8.498262850032994
0.3004203067183626,120.17432262649653,11.404067252149147
0.30615118833190685,150.52367200185492,8.868926511185593
0.4226140454155914,158.00041788778066,6.6229859850231385
0.3877821299776836,196.45510800892552,10.000083611702166
0.45857002397980434,134.16136526711097,10.671441276277093
0.2853297362360413,143.67472630267991,12.765591849971003
0.3258515650616211,195.37422269448666,10.442081601481021
0.15578559585313428,136.63424016750204,13.508505040045018
0.27735314114298154,102.72023658948495,7.471772389973533
0.150179139026358,199.3852011421273,14.705803133771735
0.42509688167472004,160.18171214054672,12.649598604516815
0.1884595424690667,129.302323181944,10.240668753003643
0.2587341054210346,104.56789652454,14.831534453572127
0.2905080947580675,150.40004393791526,8.235413175346988
0.2224042822801764,138.68898853207622,13.320168996345009
0.4012801461076673,137.92105669416375,5.130173366945506
0.4240268521372226,126.93887975963011,10.826848885290346
0.13458160319363477,166.22020192683257,8.875234258732814
0.31140267452544224,141.49058373746874,8.508719013016405
0.3316167144966572,197.2910689874825,6.127762152380715
0.2424719481611426,104.17977098153101,12.383997586209004
0.37156714537214147,121.46357463999536,9.167534401953372
0.36644072530557315,166.14813267154415,6.704771334837707
0.4556195884057057,177.80081598084683,6.33954208171691
0.45084373491202956,174.87778782768544,12.98585654099081
0.32875446146896353,122.08379150614618,14.184586465896006
0.34703171662489113,134.62379094551466,7.6377852928001975
0.4677183039369245,141.97354613068208,10.401915156671308
0.3531658091768936,182.6249828434158,11.235631845621308
0.19126706059415977,159.1257352653546,9.892661669948591
0.33046541753389125,169.9520619790548,7.458111639041308
0.19498517959493006,111.05831477961611,7.740592525360537
0.1288437647748466,162.93597228295823,7.9517230521974245
0.19523245426321167,109.52880522608038,7.837558074652547
0.20559664404901073,128.56037339109022,9.71409857469679
0.331061307908153,184.51131155747015,14.885097007841644
0.14332553233600676,123.2118251436164,11.433114272482353
0.18554996108437877,187.01458933690014,7.174024263050259
0.4031581395812934,165.3020513231101,12.988855115046295
0.1367178358494731,122.95740287443452,12.04627499120459
0.15783594087542108,103.05894831943193,8.571349336995606
0.34616824680191144,105.22227273841602,5.656636662063775
0.14131294477239337,139.5150758467504,11.684270460160578
0.1992601669310636,187.6266451704159,9.323890954448473
0.35736554889123673,129.04267429349883,11.152545734642763
0.482622485893371,144.80147165240896,7.070498382533143
0.2845127344645199,144.45742647637576,10.076174866719613
0.3221499686791092,104.24291918825462,6.6441908617012
0.29383519235651495,170.7971170618921,12.775879083055337
0.41641362480111677,150.27787525092214,14.567475933072476
0.24945264220245345,148.14581623460333,12.483739993410364
0.4466898194148177,141.44600551329114,13.486845142673234
0.29171410315651597,171.57470842863543,5.084483635788198
0.13445053387653086,194.04504935420886,6.021379482311935
0.3732379214148904,128.3258743821121,7.008423437754454
0.27062531829303466,192.59015965084993,10.70274209750719
0.46876797948420595,170.22642408197248,10.01216451687087
0.3147825625672396,121.88207863293727,5.046635227350499
0.28168859150101844,156.3376110339035,13.76561868423327
0.37909431508546604,184.23330461034712,14.2616128692492
0.47791845261260835,181.6019151924394,6.313946054794438
0.254986255621349,120.85024945255225,13.673815371565235
0.42212383223984673,134.90016406838595,10.691405320556354
0.42692432759588805,183.31612447339762,7.05793676950072
0.39900507519729334,180.3414164159449,5.431290363533627
0.16519527658684247,143.50836498588276,7.2088122186074415
0.4552332748121303,171.96875377244112,12.13007293546981
0.41369737137226326,133.07470261694047,7.286102518330989
0.3598789847003849,141.44792495253893,14.36781072234186
0.3659196570885471,138.69003430123684,13.551196608041906
0.267797218893578,117.83098277777202,12.816594256660814
0.3020782202809255,125.94804044042772,11.923992458812311
0.4926819046245419,124.62535889677898,12.902438025940452
0.41087571658402205,112.0039792177414,13.389025945590006
0.2981520892836994,112.57813825530876,10.363434730960686
0.23619228154798588,117.57241932567305,5.792381707007996
0.1995871594360622,142.95886190564138,11.418117636288317
0.15776719204617365,171.57305877709652,6.01744810963382
0.1908496515908082,171.33215621574107,13.852636744104892
0.4936768853911521,165.29069507012144,9.777363530063754
0.15792033308187292,155.89507946972768,6.8115022940864645
0.31790077267670774,160.89301489343916,13.332124901226042
0.24640646834605495,198.88620933197063,14.949502599677931
0.4348065572899238,169.41525454251834,12.336697980969767
0.4532258036767485,195.15101483457323,13.522629265975512
0.36535198991707407,107.34983847144366,11.233847142958385
0.25745520941956945,116.47786232242964,13.931661865670433
0.4343339304525048,152.66384238528332,9.634492561535724
0.3084879830476721,126.0720019719452,9.026379231331473
0.2887512048976362,101.50561342483701,13.929058830787158
0.1359309941928169,137.2892884011726,5.958733146927722
0.19886162013126446,194.2420612397143,8.712711716678964
0.3983753006830539,112.61601086290214,7.512829217072094
0.4554632364204618,190.32961504890153,7.87635258215888
0.4876674243171111,166.8099335625191,10.030067735343266
0.2667509032432083,133.73682942964584,14.520107050830012
0.38500018572095857,153.41017000733373,5.434896979362774
0.21783157835845268,194.31707226672083,10.568601662432533
0.259069337133212,100.94503741378993,7.53548267224923
0.2203350088064513,117.06855260340261,8.449799596771912
0.20099339425539642,106.29015401808411,5.979603958862586
0.31127281336779317,106.96605904124455,14.351535633514883
0.20228661318896887,146.42123499590465,9.14668257106637
0.23425164441236834,132.3528514820044,7.1159758341613975
0.23010060791382453,111.71050356965895,11.89251874777544
0.3666973210154215,131.15294033429848,13.802989561574968
0.2698908969104603,161.10893003188687,10.231693261751952
0.2468963013537987,192.97904230651625,13.482014089963037
0.4404211055074655,195.42886365563277,5.024824262680965
0.3095446625864851,193.79131190646038,6.34426759823139
0.21687280190531366,150.5061920577141,11.784215098218827
0.24978498410635597,130.63646715900072,12.757979112215489
0.13732022683566786,178.57978625217288,9.285402814602094
0.36087854643821016,170.55030249067997,5.9846862942141765
0.46394231182808243,182.2312468617746,8.753814372537498
0.1980478731859472,106.28054380558393,8.086089261402147
0.39244698522577104,181.3181716179893,8.265883012172395
0.20760870747793286,132.73941836465409,14.643668363057484
0.1610340125663866,116.21834476439389,11.942391189527605
0.17741131214291211,126.66258926297947,13.031758724580767
0.23772941894688737,159.70165488712547,10.728122877653568
0.2245413018420009,124.87342888926302,7.8967549066201626
0.45347752715901174,101.87581467707648,5.916364121123029
0.25295373468284454,122.0301655119651,10.628573989157202
0.3272979104653725,149.53620028043258,8.007530700033541
0.31679327200182616,178.62285167515535,13.125055814922135
0.32481533281094244,180.6335214410517,5.342754796096452
0.18277479533731622,174.8185027668676,8.848698972222829
0.24421193382325387,157.20088129669858,8.72420515136379
0.4660737162467983,138.69712250229682,13.362491954172746
0.3506613950353329,191.2018777442299,9.840535743546752
0.4844427749733814,157.67096604529513,5.277442979860876
0.40207656845662676,186.14007965823308,5.985500094034508
0.48629114031671483,156.34260361016374,12.407019109377186
0.2090004942547633,194.11824956874716,11.433284592958726
0.32874448922487726,196.1390197175673,10.569687326666585
0.32437564697957577,104.47669620530249,10.463889699642912
0.4041353334981659,136.84032300320123,11.793260135812208
0.33654042945648727,120.79750163830276,10.468139231215755
0.3034957778297205,133.7719620706157,11.626352006348812
0.14793266322249898,137.27714256192272,9.341093468854659
0.49020035804644024,169.8199354570353,11.257886201294436
0.1834791921728804,143.50924263906649,8.712350988943765
0.47764908131923,145.2817631182077,13.550999869224471
0.3701044442798773,187.92869554171546,5.033354447990773
0.47179558860376924,195.12937542798096,6.549355166933521
0.14964150352211814,131.72833574910473,10.855554498775785
0.32154925439183135,143.5122618745172,14.126771525142097
0.33874124449720633,193.41367486942812,10.761543540560687
0.19444257280607474,198.20787088866882,14.985032604111037
0.29242554062508186,176.243055830272,11.365634181845817
0.19446649059241183,157.9201960068236,11.542419346310837
0.347652638823356,154.14766389935005,10.918790685357838
0.3908716896100917,177.09779736613112,5.8905019629775435
0.4675608089049799,144.96250050577456,11.966211158111946
0.27036464343751976,105.10571487547602,11.636412576192516
0.2621227115558246,155.27799601314445,7.665898405572778
0.20145353025196475,129.62049538125302,13.418676325919996
0.47150569687773214,197.8583587600303,9.143309473662226
0.4149449635363291,116.80531205904853,12.442558911563786
0.2840773694248027,184.40920891688768,6.970202590597278
0.43209332802210826,107.23253231135116,13.461077117521706
0.28386835116436,114.0741355417017,8.059171508967538
0.391010725056434,144.6284967453812,7.332643588225514
0.21453706066867498,169.3173253002977,11.47769477894342
0.14897191102999802,181.2517699422268,6.401841831673874
0.215211591654336,101.3903825184684,10.062548353393339
0.44409951831080197,192.97370841390665,9.633097744431629
0.16353097830766056,147.43051157547495,7.904582710630668
0.24102398020183913,124.29590901039319,14.536915489132355
0.27402887347791105,100.35734334650691,9.952621624588772
0.38757415518040683,181.52703162348695,12.53386829342083
0.3883108497311594,119.80956281494338,8.501053774260956
0.29730202350922946,113.69623484867566,9.273774694179545
0.16305805870477674,108.72556152061028,13.361857276979363
0.18835533440672714,147.28684120902255,11.249123981609252
0.4771133314889265,130.632322550236,6.811214483155803
0.45328300370984254,130.35857977490588,7.776530725874899
0.18129796113496116,144.46818222422596,7.314747258963511
0.25957309877934936,133.3646576775192,11.248875697828197
0.2921383239075481,167.79434434790585,8.00856869010762
0.24589317352498266,199.82795301717684,7.382739078192124
0.4110730545475636,169.95866830533632,11.478406511531123
0.17058559971938292,100.55723172664658,12.455532583314522
0.1561356870846377,124.27191203435788,14.892276317622745
0.48729281576977346,192.1324749818093,10.832644794345589
0.2960870137643412,146.23376020117183,8.397391482498737
0.487757488311896,181.5979548572487,14.919252374110123
0.2378306425186209,157.98507253564827,11.820678611558009
0.2688609329536968,158.41780001239667,6.965172183057714
0.2427005765384655,113.49468320823553,11.427787092719935
0.2503036174291839,142.48362356694273,8.805662789557916
0.14478118664897255,189.58538507864122,12.274746734599567
0.24651244832665214,189.86993194285378,11.756232219129831
0.49687667271847047,146.3212961838625,6.096078744472152
0.1705994412625476,174.64716071236887,10.787477044705248
0.20630355854035884,154.75958984972186,10.2980387872207
0.44666612508904535,105.30762443127432,6.130513535894861
0.2909754109673843,113.94170932561607,14.887424438770978
0.19934471553215974,161.96329894539213,9.43656984005857
0.41812788391349115,105.26295685018016,8.243950640167801
0.3011647310281631,111.36339246954815,11.411773094303422
0.3253304962542426,182.68086103496063,9.422850554789301
0.23563280115952726,131.58921446849087,7.356500301182192
0.47486947654246636,179.87126238028708,8.43458277804172
0.2936877031953157,110.110999837665,10.893796444635342
0.39833992817411784,122.79527949493233,9.420153351503881
0.37806785039202717,144.26435139280304,10.505454408148196
0.1980684711839557,179.49981810298436,6.096126664275653
0.30151801931593397,129.1116118446456,6.053898641438434
0.44582861746143315,120.01963437921734,9.692677829022461
0.3547845975624351,126.96122060156912,9.796636378627941
0.3239258204108907,144.48168716388514,8.631586535796881
0.22100803116771528,190.61733781533667,10.094801022579837
0.38800322832012585,153.40145855450226,7.860622815883814
0.30449177296505336,182.32138906409892,13.759929350330687
0.47779827933594343,121.59161928095915,8.452155323641751
0.1696054779166224,198.825524172406,11.31011414991907
0.38932807145208126,143.0737955261757,7.435507383001347
0.2702109194394686,128.86883516640222,10.324040140891306
0.4310828452975181,183.1783582964431,7.862202083505608
0.19159327773432613,172.3125890191389,9.17026521364166
0.19323184164890655,160.43469372958427,6.125354683077415
0.1608191020799851,101.2051197960856,7.070866516935125
0.3046280953618729,116.23096000172029,5.6868755510338564
0.30969180658702145,190.31454513461756,5.115008946995441
0.2105293223956045,190.13201122064953,11.342387758439179
0.43642739419676935,190.93094685462464,7.187468047977569
0.40232548446493,126.10164292035743,14.384310263601531
0.48393107025110516,116.02123983248572,13.122540830404699
0.14267362896088825,159.94000779051592,9.819288932410569
0.3498422043922326,175.99185932484053,13.700257768707973
0.3136330291041848,107.3660997125922,14.137639863570067
0.14779318568920444,179.44712764953965,6.212387936938949
0.4634869701421196,163.44379466773086,8.101749488000154
0.4494291833292742,118.03905756252747,7.15568237117369
0.24720906865701292,141.38350512522118,7.186717614030583
0.4698913953154385,144.04122510613695,14.518259480303293
0.2199691024042078,146.85526660747104,13.016017808841442
0.4960006942124402,144.97421399724394,9.700095891614335
0.4777508591992684,143.2202985279927,9.404447869515574
0.4824306187910098,149.68879976186608,6.262326482273685
0.47804618257368126,150.14757912800513,8.607062935905374
0.46276173382799657,101.71407621783091,14.476249676938954
0.1578149168185048,107.54997107623541,14.422592926414502
0.30423725415212527,117.97057093691001,14.822646644021354
0.2507060346894503,194.13393459469506,9.594911967313802
0.26297499274487196,157.333575903778,14.105218912042584
0.49253231869007474,169.5726947697289,8.683057641193686
0.4488478177486335,192.43194361012291,10.429229083438411
0.39183155180582374,187.14989029295776,11.844813301525406
0.3689121237613342,138.07171716108155,11.0040954949517
0.2161933510375938,111.98806470232637,7.585324447932127
0.29233895944995025,134.4564001541426,12.019773406356792
0.2684479249385384,150.48616050883527,7.908557790543496
0.15838482201819198,171.6795401859676,7.241104281188852
0.2995405304477615,159.39560642374698,11.726223918786634
0.28052865657267134,127.91000786438892,13.927781993958105
0.366602867902834,124.80281324191834,12.680937337729782
0.3263033843903783,141.97689601439407,5.973908992599441
0.20831055395729503,110.5424458271653,11.972293949846017
0.4053615640866587,143.57467459934702,5.542944892851127
0.18872620048215974,194.4905791748406,13.919155777344645
0.27434753846465354,114.14357040802386,9.434725373532547
0.28757111717708383,101.95387431714413,12.189916241768497
0.3715392401605526,158.6584485492039,13.069426929025779
0.43280661848031565,121.41469023200895,5.702576735032948
0.2632909406602951,188.12946924485226,12.755212317418916
0.2207634884022761,173.34519729310136,10.666634718973944
0.2286854855355761,172.06473235416405,7.835466636584681
0.2530886199947168,120.2424443484999,10.578610088163238
0.29312886518335163,163.23109198339634,5.105121872944892
0.2771503499445983,103.75514223111884,8.0505302796435
0.15734991448217123,154.55394800273987,14.204465606015443
0.4453830070032256,149.12563273126918,8.44185066599729
0.12582838998006507,164.46103481083068,8.220276718697821
0.2716257358409151,162.2185246245763,6.845042645691903
0.33542438643655736,144.97389443091907,8.765467350033093
0.4391651800814195,173.10953818190944,6.5813949581749585
0.4668605315949556,100.19239424662348,7.431824764727285
0.17640151008381344,134.13730913765852,6.479891520595973
0.23044004843701033,140.04542060587625,9.733859565483314
0.2261933070609423,106.79781610269104,10.405589632537257
0.3625192383816061,165.59472667421738,5.2867875238341
0.1646984940933135,166.82635046582718,6.025700400112443
0.14997149798107356,145.16866961535783,8.64741474270419
0.3775035935612705,104.03113404823544,7.253117803863697
0.2319444951839053,132.52681123006164,5.079339373360562
0.33158107350689864,101.3001957758872,8.005634385434302
0.46618478601753727,115.81952401381244,11.383619375735663
0.2962024675491537,192.49360588910812,9.406946243042814
0.2009939396763934,199.56570373048325,12.239434568998368
0.17362630551099367,152.82065326831255,8.062542129861292
0.4557165549484564,116.09544696122583,11.43893600755987
0.4840931308074635,190.88287728057497,14.004915752987145
0.37384582310687464,130.30462280940506,5.74903189027885
0.18944612823141707,189.35934929285727,12.079093872875372
0.16413458421079025,197.20334777264446,10.098924667919377
0.18942687313508327,147.96042342278125,8.991822173075292
0.20520498479541469,163.29369814435788,10.260938671614717
0.2277940580766295,180.2772258414907,10.388090484462941
0.2522883285977662,115.78132866680329,9.994574328466564
0.1827362713979478,191.55751306731023,9.949212109046947
0.4672740538528228,131.987593797778,9.602549866156762
0.32051207488195,189.83439647098157,6.26948456327977
0.27448419345684605,108.43701179039769,14.14337162679304
0.4312084517992536,140.0562888734202,11.688397353653748
0.3286395278225873,161.17843348998258,13.521833762914618
0.4949294827964696,108.08897884525379,10.678899586118177
0.4637206143142914,139.6520461398717,7.546265102305917
0.17419313623554022,162.522047193762,7.110207094658804
0.26687625380032126,140.12487797325286,11.244473303634983
0.48322442210492567,198.8572361790297,7.989341169624647
0.22419334855122622,172.02579498312028,11.89599492816081
0.22675847712954522,194.5977144538944,13.013751894047731
0.19948477411230003,149.6550875686006,5.9229556807637875
0.3218563917144292,156.9411443180337,6.813355188189831
0.1529667159052032,118.00799245871562,9.878049161095328
0.14597504027291208,117.40363297725482,6.941099610187851
0.28591394367637585,153.62155419839354,8.675162083575898
0.3670227165923717,193.20506005232923,7.329227045606653
0.49625760591563695,133.3671769645839,10.985046717827629
0.25959505011953476,168.03914838039583,13.531998120617398
0.42231594803878,162.18425942287254,10.655790165051016
0.18225161078779462,181.3436849048217,14.83461979939352
0.3625906813914298,158.14375290884598,6.485912979409038
0.2287525311314224,136.05227000651763,6.9171003873167
0.4963976481877329,192.32690293671902,8.720753688922066
0.17943336143658112,139.55734914737627,6.643044723429847
0.3268321231724556,117.83542849593148,5.4904434686440915
0.3553772077872462,138.1005485106475,11.834748925206053
0.3209387092332783,162.76310734226936,8.184925119075393
0.34333538157614213,149.45729921968277,10.943170083418828
0.12788138076656919,196.48979116352257,7.351075438194629
0.15375710831837433,129.4822451297932,11.929346471147287
0.4747750520213976,184.41509411190785,8.266936247423185
0.43706409559359205,105.43958368847056,5.928304637376836
0.19488032380113932,178.7766345613818,12.24243815748365
0.17417668976998776,170.81286399706053,12.617781810034895
0.19657266960765027,167.0697173944027,9.056005671230052
0.15252799314217982,151.7454510279021,9.925672007758642
0.4557157615761135,156.01917243609972,13.402487318957162
0.2949712251784048,171.553957485809,14.69863999079907
0.13291832813105056,145.1306486124135,9.298542761049372
0.41752624680424255,101.85384988208433,10.79852856890478
0.22955911872406154,147.6578522471664,12.172544240447255
0.361211015241454,124.61964090109343,7.054060127343308
0.4439961510545456,150.75354593210375,14.795599539218003
0.3738202688956056,122.56716014706208,6.6936116752740755
0.24659840739245137,176.36850541506521,9.60258451942001
0.3379732563856207,159.52058282638808,6.745637138837336
0.2536884492126966,129.4503682683119,14.362808605548839
0.1278330411038412,195.61787972184322,6.411820503327439
0.3290496237021924,126.25568762357756,8.044166293157357
0.4109993109530659,169.10556395190343,12.653961069359148
0.19589254295289943,120.27608881192873,12.577139778984488
0.17048199402351408,190.7200294502856,14.237278685548937
0.31442921337363483,170.32941537203996,8.344876715117078
0.3637895977166946,102.50208200240095,7.19280831392529
0.2951406744841999,149.02183892077625,14.85732040886614
0.4995880370393297,112.30973461149574,7.761552026760094
0.1559696880477176,134.14169186629846,14.489179993614695
0.338668477737591,103.9953521175944,10.206310638278737
0.4749114909664147,197.2793817486426,14.118584240014497
0.4097235334424336,125.15639482272698,14.005556371818463
0.23643904771169283,187.76288618963508,5.413980052403549
0.1461541828660447,180.3158986797233,6.067086278596042
0.2897026971219851,134.3155536449737,7.779075238566237
0.26076922065316066,148.56617978432007,13.364316822527515
0.3564438920964086,190.73682661518652,13.36709543976489
0.1797991556892115,142.27643149943233,10.330131236354042
0.22090916449952308,156.62862341161664,14.74220864213858
0.20945765781942788,178.4562779416068,14.949487819054584
0.22027126179271223,185.6061493917877,6.739020540041186
0.470752905914533,130.42138252965324,7.7801032294143315
0.464275603303477,129.11669903461382,7.22095479412585
0.24100085350333997,167.34649174318736,5.216184565185371
0.18268114494643425,111.09311411939548,10.23325170225664
0.1442324188239027,192.0648938392358,9.68311911255461
0.3557052793647367,120.0675803066462,11.958544411747162
0.13399215580409063,107.8511535182557,14.126258822700576
0.20564359174121016,149.0323829307249,10.231138754089475
0.1945133318277973,158.94972138117052,7.612796866248742
0.37089686151883916,125.72366363961987,9.325020296041092
0.3127849037849161,101.93860817298476,6.086533458309116
0.1581657383621305,145.03698726680918,10.375232153637409
0.491289975779156,134.4945339016164,6.788553420855901
0.4876973048676956,153.56013908208342,14.626562838855122
0.2568909209401548,107.44631724165163,9.540087772748414
0.49208981576834604,107.15419873271941,9.758214311000296
0.4432992409760965,121.09866997402133,12.921599611029503
0.1492439993542946,131.4718079482574,6.706734799206768
0.49038162873195174,160.68531894491116,7.789200519686732
0.4709304265381919,155.38729156996214,8.560683292567989
0.3907697239452418,167.49891840730817,14.622424982296733
0.14795706083542803,187.72470709191595,11.518393007874765
0.1825793013278827,140.76041566031174,5.568728647894705
0.4514414752868065,110.02175852974793,7.192781663287311
0.39075490872179774,176.09607187295762,7.170334177725893
0.18322578938098377,102.51744265724277,5.798857657377745
0.4558821707694492,117.91220126936446,9.035790164957055
0.41376328625784264,198.3078121355758,13.72512057115136
0.47104263070929114,183.19938239888063,8.488546689889851
0.36393918914239926,170.72908114399098,9.127972195833744
0.35126213457474365,197.08656283837973,8.266196688921017
0.4701968873341742,198.73342434505042,10.869497045842165
0.4681431765217913,174.36668469623152,12.187416581258436
0.16742929455292993,174.62805298929433,6.789560180044836
0.4088763969368675,105.97799350303814,13.760246867964565
0.1950893285869821,185.81534369975185,13.955238779970863
0.16341386238852423,111.58289157677163,14.751069314166164
0.49408116409801073,109.62914770057662,11.360091011696337
0.2634847180641268,105.89730992323713,13.51773099405998
0.37384346569639854,106.05471722270545,9.533136923378812
0.2775497940312439,198.49930426685165,14.945513275148215
0.20997756505752577,176.30792691990627,11.627363461417666
0.2878713150337244,157.57737318442022,9.101961374998874
0.13971098954067662,175.48741134227134,12.956853436169737
0.4756688673512261,152.10831657525586,5.665919737100237
0.4724979853996214,125.10593081030876,6.318359210084887
0.17947265583118635,159.11642232160733,8.907620254434487
0.39051470645657405,108.33679958850891,5.164636279446169
0.48509904481312904,109.07935039856707,8.456332213055466
0.13204499034280193,188.3464655218598,13.468417761533425
0.3457061694100106,115.86283171193156,13.015171578227175
0.15036569801046867,145.71119492123464,8.158280241962503
0.4989257629142689,197.7741292127324,13.310791968302008
0.2941470662145873,150.25998963131022,10.515948504838978
0.33463457575325056,118.20855383651998,7.012819379671436
0.3898019260222719,184.616250000717,14.595108930694833
0.4103170057987527,155.48347357241062,5.855770528515601
0.1570755054837982,115.25773263281387,12.061830349266728
0.22931115407889244,142.32516877942615,6.524206147418466
0.21380788074520957,137.0854627417906,11.13431548343788
0.49164024465856804,112.71867454253358,7.932758325871872
0.4987267891993787,188.31293534666798,14.555219019503374
0.3234292637135505,123.57718336900199,7.01463709498576
0.42645364551868004,193.14150208726028,11.168999775150803
0.3824038484141381,188.36965141073495,7.5735869272359775
0.3430531941047284,156.66544518691762,14.228900617161987
0.24641125659236807,113.80025865587668,6.0377387109076714
0.23116478418971137,106.49859475129514,8.06344890714892
0.3419394837812928,144.59492927788054,11.45242669083223
0.3215248580504149,175.68297787825463,9.525681251711433
0.41515740415130076,147.38691697783355,12.262129746825057
0.415623670591614,185.43417343178004,6.610842600216007
0.3962388157897111,101.09804402756002,8.99930350680215
0.3371031702714189,102.95084902054295,5.383908053510917
0.2147260237892013,135.51354364460119,12.00447181628089
0.196475046697894,139.62357370984444,14.05325101313905
0.24598983252359213,176.5675646109618,10.855896859328722
0.1449878831694305,197.27510194643017,6.102936249823001
0.2531504877358372,195.19059159905055,7.432541422073927
0.48099743978953885,166.05040628359643,6.922327196864716
0.17796842724716205,198.20499721840054,9.483066243513788
0.39893649308725165,113.27531985154624,10.067811704531778
0.1604586726712589,149.6138199037137,5.098231903066106
0.14067041834924182,191.40586072444268,13.895819112284482
0.414714269067713,152.95419776965392,6.663518158477912
0.4018275728431441,121.409895592326,5.580160803628549
0.2433802855808687,158.5526333667859,10.818272898418394
0.4367185635699141,139.19493835891478,6.496227388369471
0.13990280050485276,119.8013488173743,14.342182304429377
0.1389571677539121,163.8262019261747,9.364640178003395
0.19514331610300284,167.36933743788347,10.948238896928395
0.15006721837177253,166.39109688369075,5.764002336096015
0.2089015871923757,156.96313008904724,12.163218078301124
0.34186871101164995,189.7668170633891,12.003775126869206
0.4887587514877646,127.43282430504073,14.848298418897139
0.19795978111331336,119.26463418262384,6.89780306202286
0.16927107369918656,162.5541381710474,5.045281253493145
0.42783928213617306,159.90403645023466,8.0286708607409
0.4590730858691774,184.28253374360224,11.317201622209833
0.15336901494612265,196.48365327076297,11.186351410071623
0.4602435519113408,116.29846104349436,5.271709277873042
0.23720326839531125,178.3701414526506,13.233710978025709
0.45854201025250546,135.2566444877727,13.181094217496508
0.1831328000358902,154.95727697039757,5.506420796979682
0.3950034507391659,136.2009604209316,6.07879586934272
0.37435309679330214,142.60046393382785,8.192795013783305
0.2618710364408781,176.49501817329514,9.079173362763399
0.4552818932317689,115.26890405749623,8.869828259758973
0.45091980978265933,159.71806701265638,12.248740856147611
0.4401925532606963,152.50928301459314,6.232524024994147
0.24621183713487466,126.50362325271502,6.553182550543561
0.3520263281373878,121.37321558656333,13.617310473093797
0.2956581764971328,180.25280225021714,13.463532341233977
0.37258241344767373,181.89385422102168,12.894837855239514
0.342227412568395,132.7252556030131,9.122668486762391
0.23883916863800206,148.3939077761082,9.027242632716934
0.2496914576740003,111.18106703898995,9.13416452404546
0.17739579052627896,136.38836972108672,6.075932952248295
0.2687138367107876,153.769214190539,5.745157790371539
0.22132005773193367,142.65460662048682,7.726386736211913
0.3361727700894226,181.11398698335537,12.824911556829052
0.20320619698055767,119.86623220841977,10.58086412229817
0.26252447226247316,104.6852530605559,7.3163492044969285
0.48668588942992624,197.00764270058824,8.567750214500307
0.14066423380837817,179.987446226938,7.806596058520751
0.14443371766197305,124.45253195930644,6.522605852159905
0.4662229789257334,119.49193785061203,12.493386932244817
0.17805800461236887,107.63367402043048,8.714673084693187
0.3537948915004467,153.13491089100313,13.413980731773892
0.2886452439175295,161.16596414747386,5.596203787274127
0.40446317994327863,169.52079310379958,13.119199687401315
0.16408147582077848,146.1985299165289,11.542397332597087
0.12811427192884844,185.11911013000022,13.207180142960942
0.31736746655015324,134.59871173065426,12.29049021422494
0.45862285700468375,149.4464934117176,13.852233178475236
0.1804127988134191,133.0801988061206,12.17843924769079
0.25997510464429596,152.2410854863291,11.54786952051822
0.34596171802907477,142.81950764933248,6.405203782645907
0.27924301919896005,122.63425088335023,13.125309070001862
0.4212644965621008,121.54555590122123,10.830755515714255
0.3724893646874022,142.78607264557797,5.859039473399362
0.39716762925392884,108.53278818672781,11.812390540806412
0.1551359328619274,159.1046513440067,7.77227389253675
0.2765493521940192,198.58998346319038,14.502818537195285
0.3415683409145443,168.87414660944438,13.049258102060067
0.39464201406955585,113.02144464860841,9.577069985137376
0.43758694703279477,174.77634593522845,7.377092060280155
0.4485918166742326,161.28277893009871,7.858463274164289
0.14649316011985894,174.20699676863023,9.346888052944264
0.4903815331151577,126.47031533437288,5.686084978200904
0.2178849418931783,140.40141537551239,5.37068006810233
0.270517649671544,124.33311979940389,14.902543488546655
0.18930920584727712,184.43565152028083,6.67931942113646
0.34228134077103356,165.91260211157544,10.349152810097749
0.4799212485451252,143.21027894146658,11.50801317274696
0.451211830886147,123.39711693793922,10.419671834911238
0.4940686808721903,176.1333904406183,12.064805401275745
0.27183969470469455,185.1220948298631,13.401712679043808
0.2892440908956247,157.0627764340517,11.792185680801536
0.42081502864186376,144.55376128844972,8.31692565258281
0.17746254641453696,172.16842213124454,12.471283469880257
0.19723880001903255,185.7243868040826,6.629378413616916
0.43511698848014346,112.89666138055765,11.421611014312088
0.31990033873678914,113.38106177267638,12.152912432014288
0.4127019817925286,189.0785042364567,9.923110771410144
0.31923728270805063,165.45350357774697,14.068291643585987
0.2681073697500467,167.88311444062754,10.92758813184524
0.1927508455645785,168.6124401268495,13.525772561204258
0.301543543138322,195.06695760686705,10.504410821017046
0.4561168810316315,175.88867438570384,9.12041890704565
0.23999070141967982,139.61758577045003,8.444172273838522
0.1426043083648777,102.1627608332422,9.003015615421532
0.1954665766644621,185.00726193974901,14.636931178737601
0.23271735591337683,171.58897918750205,8.664872003165202
0.44872073012795877,144.30537843504658,14.396715925214863
0.3720891378389039,110.69124563881479,6.271150760441425
0.2788485171569133,157.4776737558528,10.215333927531656
0.44849479922756263,100.51328369004852,6.203330620095434
0.2454661127063063,184.99081452524877,5.039889303437284
0.32500333666766384,100.09018161897878,10.405979341690365
0.30474285803568263,113.1327609749027,10.8450529076175
0.3575508840122543,145.27215336046004,12.977385598370727
0.14751976399100686,132.66691344100875,9.80220040818315
0.2485064695194793,112.09490974459881,6.146356635821212
0.41519651905034044,126.70851392698674,11.634310960720661
0.44249962579067503,129.18242200533695,6.867531711706535
0.3399892803129861,180.09014216724626,8.519290368936296
0.4391970995012203,198.0287998746944,11.539239101965453
0.4602559826112799,109.17335281662365,8.789266834024158
0.4496888444457828,172.97843407317146,5.979104860235868
0.21199562807735045,133.16733265947562,11.265752270866685
0.4053077052503005,148.25750433669992,5.270819942858026
0.45220129404362697,193.13160302649948,8.610277810500424
0.42871286095738637,152.20284379694667,9.765365852075803
0.4753244194157539,100.8086991585624,9.179563241647628
0.2133772044489554,146.82231118142164,9.683403096671228
0.1972735397072151,157.67594515415513,8.904318207974018
0.4759682738793727,193.61149318791763,8.822923860101985
0.40828408614367284,162.25012179661792,8.718686078754484
0.22348663202018398,192.26361758764537,6.892086081612922
0.42115676919811784,175.42368644442035,7.082286246000504
0.2648524776486617,144.70440454923076,10.000510236057035
0.3500988388764749,134.99728647485986,10.983162825910702
0.2891757551278544,195.02328431730447,11.922364682577953
0.3203773192582578,156.30632017759035,6.088498356971207
0.22831491537486293,170.5799576059743,14.846293854259615
0.23858584817813122,199.07615633336184,8.522186560428207
0.29518385659201407,197.44129191001167,13.260994010532997
0.3227159836337181,198.2626884823173,14.867975625149333
0.18369360100524268,178.7073787721709,7.712067062494004
0.23876740453180284,143.22232001165293,9.770191912301474
0.17577334828835106,176.38919794739624,5.328869394084923
0.4853520942319225,126.70082701538831,12.065376131774173
0.3248344904373959,183.90379458764326,7.039677930107425
0.1363844848659358,117.63319550096479,11.80782266588216
0.4300510435398686,115.90917727140769,10.76510632751063
0.14515802468292016,182.7144287414922,5.90038043290598
0.19095002860948626,165.0458623002923,9.69830503555835
0.227919138620584,194.27800644336162,10.606805754761044
0.18520600742153637,142.23335265566845,12.076261992723557
0.2965250200835955,110.5784995284029,6.735473974128414
0.21860504222488464,154.65056318291988,11.353642824857832
0.30359427769733804,121.21872495894665,8.434768236487166
0.45155370610594403,124.21864179473016,11.602779435893119
0.26909619312647876,195.87950376218174,5.081534389074394
0.24317172206790863,175.84135395012862,5.28018977991081
0.269367857782847,195.37998099991557,11.751560429436733
0.16658248891491362,109.31150841297756,14.421235515722158
0.47068105371756663,116.95468750074373,13.66313455002394
0.4055812921603968,139.8249472452348,7.433699255513715
0.17605611461927173,119.56185136833518,10.19252871345621
0.13390635399659573,163.2212675158083,11.031759448191334
0.36491833586692296,182.18348050466827,5.579905492116014
0.48696215469825477,149.41492977749544,9.730433125770865
0.1866806935171706,165.86863933237015,13.718519388402703
0.15372379480257248,130.9977982734277,12.71988570537437
