0.4598225567885006,133.19798053011772,13.212291230578318
0.14063623464696873,110.7656679935968,10.950520642062402
0.3236815108223081,141.88074285566543,8.354078492733292
0.35844478707353383,143.81414261088742,12.358821063486902
0.31926365449972577,157.8858600226157,11.453550958955939
0.4963341017650311,181.98581969218412,9.132009348161809
0.45360037070248527,182.37594325705214,5.544745078223547
0.3944889637115729,180.21705624244754,12.364066438114389
0.39092440654293775,154.0936854302528,6.248241743806098
0.48411773580112566,140.32562987349198,7.169511603235601
0.3939784424199948,199.42074384219376,7.5561405560083506
0.37674103697723016,159.90059131391166,12.173321455555131
0.4765060754918392,135.1809768539702,7.53634097471396
0.27592719088878986,174.65107171849849,12.240705674116883
0.277290423521896,198.93798482800025,9.50499280745166
0.26517816278763234,170.9628606169202,5.824585533117085
0.2743898445542312,177.08809663078796,12.647509835004671
0.23144726883413652,118.95421903703806,9.712509647353151
0.25055226668848385,173.4735043713651,6.8910711553486435
0.24916402779540786,184.4228420822569,11.15024034322376
0.45697402990151437,197.6553020407678,13.369085929071826
0.19280923478222722,161.84105084545882,9.761088732733441
0.27655874550227305,174.18836875490092,13.259332891691836
0.3812111864328656,113.92716054909724,12.028250573984112
0.14706398381155178,119.26654747512158,14.247937649551963
0.2769134215114969,114.82915326009432,11.822871306745839
0.1863082815367319,164.82252410665106,7.5161414317047806
0.14051581298783816,195.87226003159736,5.662204808134316
0.3173525697821144,134.1296591219921,11.600098186453977
0.44166025141954596,160.38665567071058,10.872136909757353
0.1688873883254907,171.0450335442777,7.045232578451328
0.3088879224714349,103.66085304360108,8.15403575588771
0.4486364026622532,155.84666182241688,10.467078262764856
0.26293424710029206,182.8156685098947,7.76350459432639
0.17212187812498403,156.27810794926762,7.673390053739438
0.4156380981148844,117.94063455395391,12.832566713374955
0.3529986203128598,104.17488761535533,10.612751321916013
0.37555165056010326,193.83926066665845,12.860058588119632
0.40641142682031406,149.7050975834553,5.427325016528776
0.4313253111671538,101.36237441918391,10.50041185715105
0.33754878924689424,111.29183347871464,5.627762398312642
0.34052158436263397,148.54852657906898,8.014220971351397
0.13992333426748568,163.38941364741132,6.2433568320054365
0.12935219165577028,127.66665886785313,8.015455400941612
0.19261911181375407,106.6977963081467,12.79233953526027
0.27528067783561855,124.58148513067528,10.237721878560011
0.22061963520995564,185.19084618044272,9.835035780903278
0.35868123167602817,197.3072504879266,8.54747529541859
0.20924211283276456,197.87138056264706,10.870744210008127
0.4931305207765627,196.86660803154442,12.051039357213881
0.13226967836787415,161.2830389452099,7.49559169039823
0.1735383902202599,136.6261134903027,7.000935051142201
0.4124305301283764,193.4181165082818,5.264023980589389
0.22102385161538177,126.61980451941595,6.423277134001134
0.48181224156112507,124.76119525899634,8.561861648419145
0.14335215802465756,123.81306712104049,13.828247555627051
0.4866623810401278,165.60278241145096,7.968611068308446
0.14725098976175094,186.44364849323108,6.551408974207524
0.22608053375617237,154.82046507109376,7.522774400445402
0.44175428211298373,150.2214882546502,9.846893932379276
0.46447198659270306,191.52683857425367,7.416277038050872
0.13203758458667456,167.02896961747723,7.7056340838651325
0.13036491932761282,109.71303913703207,9.188377054189724
0.17020558513158016,120.70889975480472,12.450554657868729
0.2958829983358398,111.35096345879221,7.153236649718449
0.4738412203127392,100.78947479409617,11.41871839423087
0.3667484478657576,168.02512803767996,10.781534644263642
0.4191980805018991,182.18471822496912,11.46829335341223
0.19236486156508315,172.62730036048634,7.84712087762872
0.44055370682822315,157.0167146057021,5.852676218670517
0.4666070736328139,146.24559112041499,14.429037012561581
0.14018460578920414,110.74549695996978,12.557195877070146
0.1406665940856457,145.1563154844444,13.160858319603275
0.2821991521816623,118.99591224553356,13.434105854744221
0.1652173694907189,128.80185884350408,7.169687884028983
0.2991002087564698,131.95903869556616,14.090941756538136
0.41961026666171664,170.5750684556687,6.39903450340746
0.3544330006857773,185.1495026982272,14.237684651434702
0.37332897015925504,125.89794737688595,7.767996745576911
0.36330424694719693,172.4406108857646,8.055872539721948
0.3792359704977303,150.64934418609346,13.293857531324988
0.38123677223696506,191.01012164545892,6.199396206904159
0.43989992486575963,194.82698557051432,10.73620931912805
0.1265543852665713,103.35122841211395,9.124660141917968
0.29685396764906213,147.7651816985891,11.81420854470507
0.40808428795903756,182.07847197282467,8.463091534927727
0.35560629310971587,139.2867346381825,12.253456535848413
0.33630223992762986,159.47785357950778,8.877366173138052
0.362922625982158,186.77924764357647,11.516937758432597
0.17322275741079993,108.87382795945355,11.774663781223431
0.2583477860703779,131.4726346445798,13.900536399235916
0.4489682665985202,180.56623217095043,8.57323261662378
0.36529297082284357,159.88325473601284,7.355423558466311
0.34613609845886617,199.7006632465883,5.524746369961542
0.21407016270751772,133.09867669247836,13.009341902380651
0.29137979024222393,106.27235130543727,8.182567837657912
0.4364447362138493,173.84472518792137,7.78834905055085
0.39822505737721825,131.96934400427514,6.525413830283567
0.49432939732108316,126.16300474002456,11.086272093391303
0.4690943417616991,164.29903579097956,9.267795302772049
0.2739559924860128,104.89065953670772,5.812466026808943
0.29400518308256723,192.23193499622099,7.3336945303639585
0.45082221392896343,180.62270065025712,6.741540254821745
0.24214154894166046,142.839725021453,13.59273690212769
0.362808475921489,182.47941149237448,9.970520903013984
0.34342277759068884,145.39122338522577,7.582716731504176
0.35687623559720805,157.5417520936495,13.674132881310578
0.47171622328605267,157.4152251715914,11.940825647924047
0.27207379436134194,167.6440653439597,14.982120606646824
0.4776433305694855,114.12370633448135,14.381683194805113
0.1394965915507736,102.51846667446969,6.777987821474891
0.23939297072291937,198.4747294451314,14.434614478301278
0.4114833379674769,162.3090082386836,14.688835800397129
0.3398811008196334,121.32195458355082,6.334537619428062
0.41140978417395374,152.73183045751932,13.173946012193053
0.4226941459308921,167.0177003757537,12.76758180850311
0.3830543157906196,142.87647624422235,13.301449879373626
0.4684587739406991,177.74417941022585,5.858496575056974
0.48112980529059607,147.71257010104432,13.854902367199937
0.15685826143879356,193.82320761379538,8.148569248390062
0.28289824317834195,168.53384882919545,5.908142469591089
0.2030056417947022,158.30111142752045,8.85251611845942
0.16489981669993953,101.0084976149848,13.961400203846054
0.3755095183213081,132.39317346389544,13.860668360015186
0.4877083642068276,108.15411333291833,7.604803022610297
0.3236268314654121,192.0648204029566,7.330563739556703
0.47575655043289866,190.11279868302427,8.382061170042288
0.20946331144683755,118.33561539607267,5.54977491286206
0.4835299810285917,114.68118936753152,14.577732917946213
0.25217283792304157,105.93120385737078,13.192313392054057
0.4262759434963159,146.332442573176,12.723546273649747
0.40580720598896936,145.06921551130296,7.833714394891985
0.1784335634775006,191.00838077037503,5.79105747622488
0.3971228106085445,107.76823561503825,11.699554335835234
0.1476101020308257,111.12539766999208,9.753429969403294
0.15535921106912032,103.19530099716007,11.396173082269856
0.460690352203128,148.32326065172566,13.376605185409028
0.39087026749145803,193.30299295778588,14.743558231604236
0.3455588341723479,194.6075335755932,12.053451816386485
0.2992527767974439,191.50255612218098,10.795950943959314
0.2146998368778977,138.9500963117936,9.221159008966485
0.18652269101577412,102.49997969618417,5.526113510734538
0.379387445044196,125.38755570161277,6.520549768911198
0.19909363757687223,181.82832997280957,13.91761490596648
0.29536972646187876,174.0842417106343,10.750314838240179
0.3081931816655349,164.43995503487523,14.483087780651116
0.42591612683911184,141.0428959349051,7.514099569280247
0.1259839069730413,129.12780469371802,14.79203671331192
0.283956851289209,154.0083851606781,5.636696825852231
0.17832912297297648,198.5594907500319,10.3572732053921
0.2079347327873142,164.19373931228017,12.268484761855706
0.3140425368299305,132.88275728447337,12.221986519363565
0.17382574301855258,172.04931674347023,9.477464219119586
0.31871244575086216,162.68054367581516,13.595936901531983
0.24322887888987238,169.6115597261907,6.1658668220381205
0.2894620919129888,171.7177390918296,13.899222757043457
0.33393271289354554,163.33827319198065,10.322407181197523
0.2546596893909384,184.57685535303017,10.74253994685416
0.22285588397653722,179.71116463600092,13.345106676047255
0.29483188683416567,167.9614158875791,5.932676096318
0.3959638611494023,133.64740950350813,5.225424536071484
0.38941811038355295,154.8249358803069,13.282680274546609
0.16820622535066163,199.32072529695586,8.3252056395179
0.1752298270450075,104.23744362598492,8.208543985875101
0.20370820800459474,157.4320151585025,14.583870531915311
0.20629916815768443,132.91228323777875,7.6611682887055
0.22664853892175224,168.709358698836,13.932254890164316
0.34409431288044084,140.06768364750593,9.257511983657771
0.3323699245067013,130.54690810964456,7.576935539281323
0.4662195171443464,151.15049882311519,6.195866754236597
0.33896974627391124,124.99643941485608,5.053950434452008
0.3395385549694351,135.81993948865247,11.832827688812905
0.3552479884856916,117.3716999027263,8.013599115252248
0.3934510026112187,143.06851996617385,6.347227178375368
0.19023337806542728,172.567606776312,11.24452339656119
0.3332771144287507,105.5783897626812,8.884812680679236
0.29214999717688683,158.43476109942958,11.960872789431042
0.39420708380071234,159.19912829327245,7.7072234422260175
0.27811587335180665,177.56379611937282,9.655776948696067
0.2764744170164558,185.45300420925705,14.950966530620901
0.28256609477737304,163.41937853738366,14.112954152004988
0.1829264466323945,129.11919761664578,11.472600227419933
0.1918889118632498,128.01032383814098,14.362029541948315
0.24308468173555503,109.60587107264016,9.993300011454059
0.1535072049184597,125.09784126155947,14.551719455343342
0.4405729116516506,114.87306966795981,7.46198471490021
0.14553485649729847,119.98377278266445,13.090218313962836
0.46808663582444976,162.4971052245252,5.854606962534844
0.3129862238392277,166.7473486648983,6.065631722593835
0.34333069367516494,175.563451992249,8.856171642350775
0.43460833227720785,116.97722158831343,7.63900344902558
0.42685932243000085,168.45416199730627,12.819976291590514
0.1919917420496835,195.3408137801061,6.7695301198314
0.3863538831222457,130.85387879779367,10.091589254850046
0.4679353239895685,177.77528799844902,12.490318328855462
0.16656488481344364,191.32284691911417,14.030771253423334
0.49404316805066106,111.30149804457044,8.828026612181151
0.22811065166725275,184.8709931695751,13.991417461944064
0.3144473239960664,122.12824522550231,5.482517582666583
0.45536150750029386,194.8414238820307,12.546765622023822
0.4339940233450183,131.1001751749706,6.2899061382022206
0.16280804288951595,167.19723853329816,6.418754276153374
0.47113862696132947,124.49106695106914,12.480654189621992
0.35414110941201316,134.48837351900127,11.312304992714221
0.13172477742562608,176.44574726250744,6.719725937172239
0.3546524398068478,111.7606789875791,10.703960893698035
0.4001209713679188,179.65823902199708,6.362590248925075
0.30381563195818273,141.1036734173344,8.990885583278242
0.43649934393546813,118.77148085380588,12.615168506635317
0.40092306599104965,142.2432930540362,6.370463653508327
0.38918064563586713,187.50482689617644,6.758640968290295
0.16908563931754717,121.06042299462777,9.434779851793852
0.29767806507860284,175.69328851347535,6.64231931120518
0.4623351201640212,152.16949297898276,7.794015379846712
0.1335351826184039,158.59157877803932,7.018895877687374
0.2905744147699256,196.07786887925545,7.024170993212166
0.28015468775362223,184.37417518396336,5.272155717236984
0.37665812182249714,146.56141704457798,8.428093396041193
0.3124922257359358,143.21173522673047,10.57572097914146
0.1655387490693076,135.50308147665817,14.298655110286184
0.313955491130832,164.14766139372625,9.706314814382623
0.4879679855680103,111.63954286723244,8.505740833254908
0.38007804914124643,178.54299423708818,8.977025091681936
0.40278833320073965,137.2676083104593,5.975993403860108
0.13136448755762162,114.1683569151683,14.870734158994843
0.19701437483130246,100.80024204172217,10.684456862478335
0.30586148345794356,129.79103612764618,14.30608161560015
0.38817779865735735,141.42149006018343,5.236783682694131
0.38402521838899123,167.29480971123093,8.375454022552296
0.489620916152119,192.11776959621642,10.025315564747263
0.4424674730883765,185.20192846804747,8.692035447051474
0.49737462699277635,138.932539400385,12.606737175733148
0.2959377350670497,111.47430667734967,10.603168746245325
0.39015978488892716,161.19427784258238,7.988640766981351
0.4580967322779338,179.28965061067194,8.99318610116964
0.2282328287566958,182.08833245740874,7.686179537310584
0.2226320737983951,126.80334157976773,11.063303797279351
0.2279939718098262,185.83281220421813,7.8364517350000105
0.4800816371934666,139.15044417449707,12.147378696793012
0.191012928078108,117.57513454910472,7.621789532798061
0.231696969335017,166.72177708726946,14.570666450597612
0.37306968918206096,162.33397114258375,14.762647099236695
0.24182491554471877,179.63365472157648,11.196664762215098
0.3587716326090643,139.27672074177255,14.774395460016938
0.24354024430495214,126.69376829643556,11.187399081582816
0.15306394330251666,139.71417414416885,11.056286063412506
0.3408381500587982,189.16441345974948,13.978090863321137
0.14452681647543397,171.93345544429081,14.262831287350483
0.23650385194561693,111.19256526852364,13.52950460302916
0.32505236302152096,180.182938439981,9.475190059624865
0.46570236837892,190.71593164226636,9.398241278953439
0.4432919594082843,180.7680667822046,10.955542216461964
0.2471268372539429,124.47933974589772,12.384302065445048
0.40879360518494323,102.00383518502953,12.529053945401468
0.20218832591896324,129.17861917266745,12.844810938772532
0.3573577193310165,190.81667583907972,14.171619231596242
0.18252000295691745,132.207456176251,11.803286579980632
0.40453936958065984,132.78747711617135,7.663748292729611
0.42955518297746753,100.00343419997077,13.709914394815106
0.2753440610112942,149.91468139562855,14.36738185955176
0.32697217087390074,147.06047266479413,11.98861833154994
0.2781266870956772,158.8128106517969,12.372440819010126
0.17550859455410917,169.00267237438106,8.14523323723642
0.22783516474488355,146.47128288618353,6.98338132981762
0.47298956369018347,192.20783062405775,11.398147408977852
0.26001475701289734,148.176635724353,10.185147443232475
0.14906518726769796,118.86012200332728,11.13096013975542
0.21591716970882843,109.8323104521071,12.620740006677906
0.1777536950367697,107.67253512864393,14.321179835201573
0.23564832323862614,182.2555964684133,7.230422876225592
0.3722361623400176,165.70012880290852,13.530013809515863
0.16000224777932331,153.25083467277247,12.100535327269345
0.22971431740542003,156.35860793937113,6.177659736754478
0.27905825932935524,162.06976165119224,10.75777999973803
0.18537493749150097,118.54186357262549,9.221574506545778
0.14214222520191486,193.28669186391772,5.549701758187772
0.42497250696595823,197.68957993447418,12.436733056667478
0.2233093810432525,175.3797280406131,9.521819173214322
0.24913900841636166,187.2851011457253,13.063947027447426
0.23141606607623022,127.61808541722125,9.453063204001165
0.16816795603045598,137.45304412609323,9.935758957177809
0.37921086846541274,106.7458320528256,6.6043383616546265
0.26724625941459035,146.92738274167937,14.584499848965377
0.4592531057508674,162.96593306480986,13.080412824547544
0.1315493139096467,140.76119415767948,14.267164240510347
0.34484429364036345,105.35730340374893,11.305329283258615
0.2598592641636669,151.12084381941338,7.587418562531556
0.17714414413307983,136.42566208456557,5.9774873348532696
0.2699111567736334,192.8304263653007,10.500331830200569
0.20645462180569657,173.920036150307,12.35372950777855
0.42417853027661334,168.11107223031368,14.78976967451331
0.1911420544262843,141.53904079805125,9.959349345053212
0.20125077441045994,138.30446968417323,14.423487077332656
0.34340003825771714,179.1919887656247,7.826146660873255
0.35797695332709567,122.72018050985977,7.176557054566284
0.4882448135008708,129.63702032664253,7.25845659018073
0.23001550241603855,102.71797256883136,10.676415901596357
0.18624840739621162,140.74693173403656,12.378855990015108
0.44865467686029814,122.81673369058905,10.145056461224069
0.15512567955823514,112.661247693665,8.824045006029092
0.37057411781846417,130.18119964938325,5.849637848739152
0.2880098867933054,150.60061131197565,13.787060367260187
0.2448509315243949,132.0060095856016,5.63933140087617
0.27729415132575164,118.38927515725635,10.815316244692175
0.2945590362333186,121.35053804820069,5.168116125254196
0.4968460608912447,197.62960380374153,6.20726899606332
0.4537398991871238,198.85079047206995,7.509060643213081
0.4394922169600439,152.21147236828077,10.250892651191815
0.15817085716573562,145.41226651884278,14.912979888293679
0.17483115824953627,185.7299122512781,13.820602412800975
