0.1288903077071375,150.18745921487388,9.95773293134146
0.17518607335972872,114.21110854545385,7.185586756260783
0.2819405676914197,124.8101168413559,5.840596511653501
0.2545619900189,116.67763465323215,13.785590855326591
0.4816115118600187,103.87483758323198,11.99107391398761
0.33978493083852845,189.80071182251496,11.668989729196365
0.3304391686424306,170.24274240680552,8.864771696146654
0.38541450416167183,182.48704645005483,9.656684753672659
0.477696653572496,180.37397700123176,14.833592482243326
0.18861359659391266,152.10847114597973,14.455174169762406
0.3685776736851786,186.0831923225697,14.708460120902252
0.19457813260042278,124.31156753134084,13.734008431011247
0.4648539788463154,175.82779867966488,8.469019537755198
0.29882551774402155,161.05377408481294,9.96281717671187
0.3042402550768801,143.55554647663456,13.70408296426531
0.1952594926480331,168.76740931926753,12.035291738013882
0.47195002897666527,103.94548176742671,11.471167135451115
0.3642702442690193,146.1697662470697,5.53059424485393
0.13946409618588437,116.95314142078769,12.945478869785394
0.1859772674600303,113.8738699779552,8.529169532326819
0.3066869206823008,169.77363851237777,13.011564316956859
0.22504039140197798,190.94762092582502,5.228669499696768
0.26567103593591523,119.96333286482246,8.428052291614103
0.2915421106415174,149.81396103617925,9.143463247996216
0.20534598608185153,121.66397127268621,7.323071272464986
0.39840710773490473,141.5918667014792,10.838981780137996
0.310376226924765,143.00468142111865,12.347658170361697
0.3335811825513683,130.26306416600065,14.70798194813456
0.20931597954623904,113.87691569546728,11.149324753622187
0.30947335223177985,118.31527336532204,6.093105151646997
0.32734082184628394,128.92992815482438,6.030540518461233
0.3089755805653684,163.2091684732455,5.379692169269482
0.3125404701656597,108.35434299294454,12.913182347443758
0.4092635093460393,126.22732208029518,6.008585910452217
0.4689472648101626,151.74602417688305,6.335396759234336
0.16720366776625872,184.1641148414077,10.460747365304215
0.22288121868032298,157.58255178198638,8.138526067779225
0.4218586944900281,149.30907184029587,14.651581834600465
0.3201169791864325,190.30215954972695,7.498045606023169
0.32055773869397763,150.57456833900042,13.13071480728264
0.15244783296156128,183.62070007447454,13.042356353788296
0.2773704765698997,103.64512483221672,12.67254106952576
0.3795978383864757,191.89288882574175,10.60185622302057
0.48789460989715216,130.83843510756833,8.388899661153523
0.39908067929261254,170.13699059343116,12.25348921866252
0.46022852902508216,171.66490873934734,11.821527701714027
0.441168815769542,164.51189984951728,8.026988881287586
0.4357929508435904,124.47195476763491,12.037806929924809
0.3259580903163639,138.0809518748513,6.786179351588524
0.4571868516623959,108.02334934847869,13.035886470755148
0.38130138196007907,146.2010441298004,11.640493094413982
0.23099984836087498,186.15747749365013,6.784795558927366
0.34239154309772984,146.36343824686355,11.732218267193463
0.30354667040421834,195.25111535091708,13.532576304162076
0.4619401647391767,102.55691033323579,6.564229021784343
0.3038368063151102,173.47218410133314,8.563094773249578
0.3366701122540554,104.54694981528526,11.404413055996331
0.38045239280293647,139.56374751104815,6.366730103382249
0.28117165705984326,173.84628341563914,10.843076357569016
0.4562874597818634,157.87496113205873,6.779704602919232
0.3469068849003658,105.38777436763635,12.434131328771562
0.2003891230545204,190.46753424720538,9.73567880241161
0.2906199440603477,113.60797021056996,13.076955975507973
0.4688857840556365,169.45884920570353,11.675444589256175
0.38998166182241695,174.481360125746,12.145951590411773
0.1786109465282188,166.63579478569596,14.103573932050846
0.13715935957344755,118.48143748305152,12.623520843883806
0.1407000311557841,127.89864730302047,13.579604137835885
0.2633899986755083,189.89918753530202,7.890978312524975
0.2676213053527546,110.93733926870078,13.146246111896012
0.4750570408208596,118.31071892507703,8.111985668460468
0.3780140162275599,107.91010421762974,5.327239943011399
0.24746585705122834,138.66121943167164,10.48967345099569
0.3323491896662083,133.01271737097133,9.256511012197528
0.21944632214030518,120.26351323055134,12.775255130659097
0.17734731858825814,145.1203705964873,6.22522624210914
0.4311072130667829,184.3489928776596,6.147750573517243
0.3953681409324754,192.3315481984805,8.860309321526918
0.4164173021641697,192.3885704610504,5.049514097914988
0.22721893015155453,103.6519122731273,6.991917548769817
0.12920294237433683,104.88995333394317,11.493426065197038
0.23327132545466522,184.44102336070588,8.332968682724655
0.4704901230877103,113.13866970404723,10.49004988267094
0.23541293801480592,180.61532018391392,8.376766038812907
0.17038602524571128,145.5597536380192,7.498816664468327
0.40446241420564766,173.59200469874202,5.102048566659513
0.12612198858234488,191.8006417716751,8.22875060825399
0.23614214209827417,127.09261401336227,7.457239443661044
0.4157634915866839,126.32384799456182,12.18987113944315
0.3774832910014624,155.0533794836576,11.827730261860122
0.19026234691251004,146.45180696333978,9.939589109277964
0.13527922558704156,121.82383382409297,14.334088197823858
0.371991607780974,197.86624902443913,8.693140418613062
0.4108963923506913,159.96651598099515,11.020923929290664
0.16749036541329276,122.22007851832882,5.7226252363492405
0.314488551954718,134.50991737217302,6.967205466738666
0.2655114375917986,152.64067227859775,12.108269331707326
0.3462392502407944,163.9090992923297,11.03761911116279
0.2650905889819131,132.55543082329007,10.611420903462125
0.4061238119810152,191.91908277107188,13.276691656037146
0.33264776076516905,182.4821920333472,5.282320534438662
0.42407043284495016,119.9488705152749,11.85840959418433
0.4344461586988386,131.4963080715032,8.997474034828635
0.49459583673373636,125.35646906267324,12.553393239736135
0.2772723408643599,131.5229935963788,12.705159221072094
0.2936977162987448,171.00859661058428,7.222004394012363
0.43393884212897293,171.67741178211048,9.992413226874646
0.4218316287673179,191.97053165266766,12.873889212669365
0.23668881271521863,171.73350651198126,11.15056797777001
0.44049613338078963,140.45679725384525,9.533613499002536
0.16016171918760086,121.86436554379988,10.293424910918137
0.3233248726833911,171.30764497238738,7.8639252644269515
0.16852693666745516,118.72516154987173,9.337191085120555
0.19457838975712782,112.34657682523016,12.250254308258377
0.4663129083549723,106.09119914730721,5.418244240957119
0.23214271918375162,157.96435612746703,14.382614131149742
0.34313196513086675,167.99837584932988,11.49978743906497
0.4795642208528776,185.67086799070034,8.610079257259411
0.4333148111929325,126.12168816493507,14.86035676936014
0.27492249490613985,155.44502130919292,11.477808762062764
0.24275033088039785,187.01863772726483,14.897922458887376
0.338565688295429,122.27709034324664,7.858026250402141
0.43179604507309227,156.1025224380726,10.423924941301228
0.18108518803593437,174.02448559108754,6.5651550522601525
0.19503042168252555,158.61142985940842,11.191473594657015
0.1961693230462553,193.51509826530588,12.08119291989847
0.42564368466487523,178.07552895710046,10.233053586095668
0.36191447070433425,101.8739842225045,10.830133065809797
0.3536506598702681,166.7795823268545,7.036200310327603
0.24529755447806553,197.3482459666328,7.738089352151158
0.38749299090297157,126.53052344467159,10.726974558385455
0.4520533527062675,181.7082660073784,5.292301534165643
0.28413539475066707,139.36101289288723,14.003256315472225
0.1384272478467301,145.47939125742155,14.813360824462755
0.13865192947259858,167.0754476793725,12.347163075645746
0.16433262433917725,126.12170204050108,9.751225897940905
0.20041065319913037,193.26830038944456,12.1624463013374
0.1629092363340014,187.38515123905967,7.882044911691885
0.2768073410080132,161.9653390483857,9.947470651375347
0.3258372165424218,194.09368925293214,8.870598495450434
0.32050610658006545,119.32146365616643,5.3366157379926396
0.3202742663973102,109.994341164925,11.773036982957482
0.2122172842967145,150.80669382317893,13.154673463334394
0.3854159961224553,142.7303323421464,11.81816992982359
0.2454024041058988,190.95408165834652,8.100594878683513
0.35582335973101364,144.45114285242445,5.519950682453789
0.27710382007796136,158.94006431170183,9.734068980254323
0.4764754453067627,112.8139262206073,12.513651349943629
0.35855953816164193,135.55628306057127,10.529794749211447
0.17368196173238593,159.31496980658113,6.375584082054941
0.34609167633498916,183.1708493931922,9.083328175154486
0.14652930320233526,122.39761000413819,10.675729258094755
0.3554468367345688,194.82910681305265,13.976468547487382
0.23420392060327733,111.41763355853655,13.207077532989018
0.32138065225078905,196.54217883200442,5.697660878121003
0.25702870564972946,174.31063070789673,10.627541924244227
0.431121874893812,174.59373511992135,8.56682701276948
0.2681723168317134,122.75453436796926,13.082776375457502
0.2881645650897404,184.6576183175853,14.481517035768718
0.25313507048228095,136.7545471694968,9.781453106923408
0.405798054102258,101.68434085410247,9.29321000003581
0.4260034711802768,114.80898982310703,12.564347320362081
0.25576098285903365,104.30799764672925,12.24490971749108
0.44661430935131274,197.70669995397873,6.5199588528071875
0.3468169364057032,127.23393437778714,13.837900213741626
0.15927958924920022,118.11406277586711,5.783153550137658
0.23617776431764745,195.300117303363,8.671584166778329
0.33537714556515474,139.62449051441837,14.805981690320744
0.39325201174630664,184.17037296137863,6.274679229849468
0.47630779449266464,127.45212869445058,11.875981533364008
0.2365060564913972,164.9207078867562,5.358479227735501
0.2713375121421657,195.11571020783757,6.427018691362464
0.2634091479702164,193.1894146045835,5.084067754807981
0.4394601146215583,183.79788198428415,12.813728923195125
0.45593708585568427,137.9841306702513,7.972784873996327
0.32203848354693043,129.37355110681085,7.467840162787558
0.14814774570239161,135.3376691175049,6.568994522609203
0.4099632490119979,167.8347675461199,13.621008517243116
0.30435057987618386,124.32743019407138,12.602528783943509
0.19643131581516637,138.28709559080008,11.227804807516183
0.3630529511941041,148.1824584268488,11.364583637966625
0.2040636229538037,148.099309424776,8.150604169597159
0.18868891300821058,106.98976566840167,7.026910655717522
0.2776165798282946,166.45017564882266,7.646500033261469
0.45482644679287504,106.91627032223919,13.032518951294342
0.3007914061941401,131.7333430255071,6.406247191117426
0.3486469864432248,157.01291583605882,11.874342863779221
0.44540169180140143,146.10360070031473,14.487997993793552
0.4945206297724693,111.88162302328124,10.465834093891743
0.3496637724186863,101.49303304936763,6.474458066369837
0.40358547877116635,137.29378390027074,13.13819898805047
0.4973333054327924,158.65978036402845,5.207704081662882
0.1831138581824986,166.38663654225596,12.697313734212152
0.12847938351191152,163.55580442972138,10.358737020214964
0.17418952057755743,108.48189710988395,14.534267254556049
0.48471078248498695,131.87265797170792,8.940381985115536
0.16665945780208452,124.8800198142439,8.232744809726867
0.38414469496319364,142.8961339207845,11.248249147808433
0.36994022780199676,153.06950922861785,10.394912535376754
0.1250230700324823,163.46568656506622,11.908682102235634
0.4952723909407031,146.45229865158274,11.826106710003284
0.2826128666985807,121.1908815403457,6.415579085677818
0.15891884220935215,122.29695406481507,9.154171218122565
0.14549533958802507,100.60956420866583,12.752053510615454
0.4589368733306835,129.56519836965538,9.000030586874704
0.47225253113687327,139.93907443597442,9.904285659243595
0.15029299191652512,150.7033101970937,12.12044783414588
0.2300952160780672,146.12463863158652,5.607620996416838
0.3514579061795657,170.56166447042156,5.235015302686961
0.30416031749500977,108.58751386647248,14.80121023174334
0.2876811527817381,149.8982949606218,9.906717713984936
0.47470197545613296,164.06645680567908,12.283719500051538
0.3470703481529434,152.17040587106234,13.196433496397269
0.4379188911310783,159.29119873311095,10.158345627597962
0.27934637755811736,151.27236773748993,5.576789183690364
0.22541299008819676,180.0738633115825,14.329069312668441
0.12950112297997524,101.69275002883575,14.306673057434477
0.4420512156356494,149.3425869300745,14.416345627289745
0.218875903388827,131.63239571978406,14.421671322079279
0.2512452442062817,197.8744530601603,6.416225912004567
0.35329534625014114,160.5641749027408,6.611430372898743
0.20101626499974073,140.7574878162187,10.007072558960488
0.2492498756167128,167.17697414206555,14.476735192886196
0.4456707797287599,117.46529987226083,10.082983330119323
0.49783806953682913,146.3736352249222,13.659941680240022
0.15527092782985452,169.9069136926781,6.577074289530586
0.46946478869144664,140.08473545160592,9.112548683056893
0.16076259810447693,107.6357708238273,11.119355071134095
0.3273888504984934,134.85285239961388,14.666668463741457
0.2908400711646596,168.5242334692819,7.373007865700086
0.3137813396962045,193.82367675848099,9.070467894966075
0.32755860263064235,129.72702766083228,8.239714733189697
0.27217823768912686,125.60006030197475,12.724774804910679
0.3156410540484722,194.7068213834919,10.748793220141284
0.3941513638963514,146.3936321802869,7.567578301045305
0.2417696241012379,122.7819917219809,5.661948653974916
0.3891308778851179,152.1912755913857,7.429090836759964
0.1616405321736676,137.48544499909903,11.61356295195326
0.252727103015969,141.54546200786865,9.691516705437808
0.28902676892592827,141.89065279602133,8.7706324521223
0.2613155141836846,169.8371746557915,12.5098156955656
0.25226359982125446,177.65339803718638,9.983977650424961
0.2943699933496761,191.96249288641903,10.550379260764323
0.37105286135288806,122.7732557166457,8.469493933508591
0.3020773536217843,161.30625951652817,12.332308396159522
0.4412127940228257,170.2499853084836,11.117153228984614
0.3069267747962474,141.50251368414098,12.81672404214171
0.3055780394348808,117.32911415825353,7.535200245865244
0.21594195057515997,181.5114112004757,14.973117122346167
0.4272211083840238,171.67417553416715,11.01123606916465
0.2682009006611207,170.4679359425856,10.41999345394728
0.2515706540081106,108.23666846019081,7.076192665691612
0.4925563657920031,134.00854008741078,12.222923353672755
0.30425086063813145,158.49011018359477,7.838279818387674
0.36805179708524605,108.82447978072557,11.41150345932676
0.44983691085727434,189.5572133377934,10.990280107981187
0.17840613726786841,184.577973659316,9.294615229477241
0.33103225992340324,168.35488831150343,10.783750037101587
0.43567531151018224,166.85892873526302,14.500454697184647
0.22048649942796358,162.82197059246312,11.111744608178562
0.3859762038448759,122.38969450939157,5.7525321991776
0.1329616079545686,146.6101383360962,10.802774766013558
0.13770397645253912,153.32058647969995,10.80454251779792
0.15135728067904708,189.26278258941346,6.069572882051584
0.20005607867052017,135.92942440406136,11.258200214540357
0.2530232473427333,154.7786479218305,10.50223271291577
0.23578012060296205,136.53786573848004,13.966233073126078
0.25587631001180156,189.91442637198168,14.635478131277035
0.41421120563199654,145.59354013391498,14.466128133581549
0.207175535716064,192.5696340827139,12.841532670253473
0.3538538158411632,185.51646644765947,8.469262219887787
0.1770757198920923,101.09091832950104,8.77886440713413
0.287964053586217,172.80632388035497,6.704326619894686
0.2797963971221676,146.81996017467605,13.722440385371366
0.22479798980442495,152.25925849418851,5.816037868514981
0.20515348405431566,120.88559538028579,8.745791874829147
0.4052247571792453,152.4007575792412,8.629900109726833
0.27616111053445885,193.61818753885302,10.528279025032266
0.2116752177931544,114.95620500375718,13.049010474801717
0.15838588962441344,124.61636848752298,14.206274624793258
0.18016921169900568,161.0743747222758,9.859508778789362
0.1654861488097688,170.03266917217115,13.276536934025625
0.45913474463780185,122.77850413478444,8.935660552580083
0.15767565876276202,189.88919455370473,5.9993089567019195
0.464752088790096,105.5946768309754,8.92738458768844
0.26819974318523576,151.58322185873718,9.68794915379565
0.4280969056070437,176.32040319587912,11.91059507012047
0.4641886766145756,104.00729757642283,10.829312024808479
0.293324951154025,196.65098207070957,6.236161276986911
0.20692657072060963,147.45397577607847,5.8151290987954525
0.25648403915068807,130.39278067217248,12.764290702605134
0.3279947817798007,103.25606158018093,11.579425698668647
0.41548393548753987,193.91700699479247,13.163046245172819
0.3820932010349596,118.63810093950522,14.161779786956346
0.17854691630085617,189.1898869491276,10.137954162256564
0.42241638005087134,138.9615771652552,13.01134363062927
0.3417194114106909,141.1095073389494,8.855014711234045
0.4713461011764419,186.19670851406232,10.266010627115403
0.22674085339625777,153.9932050302619,11.852698337343485
0.35755105518805663,160.76759126728146,12.653165187297116
0.22442786606590592,182.0901542836177,8.002697029509754
0.4656335527871217,132.78294549133352,7.491036094380124
0.416025241479038,111.33501685187609,12.581735080951017
0.32097637371989224,165.4038059570267,9.254673528027144
0.27045508198347357,191.19646950243174,11.4834354497849
0.22648993392813754,114.96270280276477,5.295666163201085
0.36003135582346535,140.0030546248496,12.032706986407312
0.22691225954747837,180.31997002383088,14.229948130350966
0.38257082017109817,145.43323664714092,10.497848984794564
0.19342717385965263,116.99317021982176,5.637637527150149
