0.16157510065604436,176.12497166748562,7.46937973166327
0.17679938280361984,133.14465632709314,5.829995650068929
0.37699140548017496,180.65937981616577,14.82741914544214
0.36337277554881975,121.59232560471803,10.490274320842797
0.3295849842534598,123.40760731470016,6.137258430070794
0.312372225143358,115.2108422421788,10.326860805572696
0.2701275381674559,168.83273834221643,8.729271564083929
0.4798100168612722,177.7357918106707,11.080343030674545
0.35571201371977584,164.29876012693234,7.684835071303347
0.40630855572620994,128.68304894201532,12.09376057826234
0.14929504080191208,168.9858479239236,10.521678334696775
0.3326849301164603,134.65286297905902,6.726129600841977
0.3282247390861944,105.17690430157745,13.255576134042101
0.3916501138367786,104.41672226629683,5.765365615356286
0.12887896066634213,199.43048222579424,10.994438970969272
0.19240205103676372,136.4378401966083,13.638367270431518
0.2938458128609388,197.13697684849717,6.356597767152073
0.3933779310135427,192.09482505872631,14.353644225478607
0.4761135908254718,167.27740448846123,14.389926354427292
0.32158539883077375,144.89217570018434,5.312775866655212
0.4471641838655046,118.25287940230517,12.283094463286277
0.4877631044985097,189.83157458733268,13.343715027909193
0.3464404265106412,136.14592485935444,6.6483069676401785
0.2900794101655125,176.01865212686306,9.422738328726695
0.17394627196375478,118.20423453195897,14.974373324496401
0.22581946302676392,187.72652169952767,6.639605602220474
0.48103779575856276,140.0167001177623,11.526793788019436
0.391524752608675,140.094733206811,14.11826340125886
0.1452192105187322,149.52041632942823,7.496386405864718
0.2556765730925251,174.08861717670493,8.61157008180578
0.3615282878666972,197.42308506693962,9.22168460337879
0.1487261565340276,107.85870168790355,7.058662234431784
0.23282053852656098,138.14696098564696,13.351873451819618
0.1557784129480606,182.08348722360736,13.166572756618752
0.24991088730636446,167.56317627705832,14.83435781045776
0.48469973732871807,166.99439053354558,13.929616473916475
0.2553341481214387,163.16655437677292,6.884931951882429
0.2556067105183857,198.47770719590596,12.516312390912312
0.4373975162694298,114.20305629591707,5.149791976632303
0.4464779269441608,171.19454425744,13.565401868284168
0.4481016239111929,179.58041137284613,9.771041099158344
0.15994260879156158,131.3690714692114,11.412224925127461
0.34399897046227446,126.70659728825079,5.56553388567969
0.46634454188354835,130.33046825081763,8.314293021521863
0.14625734987270653,102.93644936414414,6.261308714399476
0.16235042896867372,116.2180741260738,6.508813933961139
0.24214640043752966,155.98006166047904,8.480439103883217
0.2560307685304687,161.37055535512616,5.702296424730839
0.3490889662157436,131.18984598798554,7.521534529999803
0.32204971567646373,155.74421797709573,10.948565014855292
0.35207624043734387,107.53671336126524,10.597179628355658
0.2703681683895853,120.73784250938192,8.79891196987622
0.19385615542720086,148.63623970377455,5.605265674554025
0.14090717511113007,166.71035088709226,5.700792534744023
0.3476430991176932,174.47905627836553,13.469962489307774
0.3170388800653971,112.48957107393726,7.337106733572256
0.2272796400034176,183.30606568301508,12.583082384989844
0.2223630416720698,187.13771844166462,7.441883465769394
0.1438727814219642,152.076188094236,9.77623450832803
0.46186013800013626,134.41770817541763,13.470515087557427
0.155761937711429,110.63295622126064,12.84312915867613
0.4491564571835448,136.4875980482043,5.983360311942789
0.4469884774214883,111.01050521705272,6.165928264873148
0.28437607896805395,102.74730082018726,6.235990252212127
0.13157536802864933,141.16093160672358,9.724597893914806
0.15600564672827738,121.58077299835595,12.577027911180881
0.19901183558771016,144.46188477516114,8.334170636143172
0.20944839061879347,131.52870972060816,6.48029019278124
0.36564477144494534,152.64376884308805,6.926123361340779
0.49262313038865274,115.40165553477644,13.527445826207842
0.3740318815317034,123.21270374181452,12.463002634900828
0.14642604816068816,149.02589209577363,9.841880968973012
0.3482806721865467,109.24305279643445,14.391915186366177
0.48258881957806954,152.3777287835195,11.596387129554248
0.30475606719428394,149.91953417793363,8.436989769732147
0.4182922104601877,113.90870798575217,14.575411729936738
0.4404040463637133,109.12621261368068,9.297912425720938
0.16360747003971066,134.63125746312025,11.944834491879062
0.2814520114478193,115.28244000045498,12.432985398212697
0.2966562845195012,112.78628031348774,8.983029948334716
0.20145038527470865,159.70352296789298,14.407708554803534
0.28345848861950695,180.45330911968097,12.975720367743023
0.2324496085706961,160.1759087642117,10.585962310956404
0.25369336405145004,163.00277019176704,8.653332364537416
0.46133714790816727,173.23618629404882,11.149198892672592
0.4392047997849575,167.9394626032561,12.201669376618975
0.4156244321965152,172.4283432439725,8.457105941923245
0.21178627802993205,120.09933830034349,13.55831423869952
0.39940321803168427,154.28409212598123,7.026418101987461
0.32388897753393775,130.49313061983864,13.227976594500294
0.34453411835968156,172.63206971588784,6.839425804312511
0.12728044435825708,123.80823158702934,6.7007573137861
0.4071704699807325,184.99061603685186,8.882763409306921
0.25178576754815474,101.0803173960605,7.725014453160702
0.4316357811564665,115.32325276552976,12.166839523021432
0.4978514150433456,111.35557628288063,10.0511923325743
0.35093099905001146,136.61015353774138,14.912314042992843
0.16444894591774922,118.75464991909251,9.323258372547642
0.21967656356851348,147.96815668146434,13.864912391013522
0.25095860229763933,192.33831863416182,6.88085725039103
0.4228762115355415,112.07455932507227,5.232516335570411
0.16294218688255824,183.55923926055615,11.721389956550617
0.3772447232433827,111.91770675391467,12.65748551582324
0.2894079393045441,128.53041058506832,12.964808960053528
0.3047736484841339,173.56461235988567,9.146567098168502
0.1662336301467407,120.27172757825173,5.052177065537576
0.21107020596683335,178.2718704485107,6.283359169006086
0.45739645623046604,176.39818784357627,9.953350780057034
0.4454295183721293,115.93756808511996,14.294748028203662
0.3601473643483895,185.96008386557213,6.343566036345819
0.431921784783296,160.71513282276902,13.303070796838867
0.43651966268446823,138.88340751949772,14.203323669738758
0.2977483961892192,148.80676101343096,10.068877945388001
0.12745431188135004,132.07649278058813,9.236764571202762
0.15268199428830087,122.80111038302678,7.666938837216536
0.4988423836969095,112.11362253573292,8.437305657797786
0.49616720326048125,196.22533159682723,14.014356225621437
0.1983496778183248,108.97830716828591,5.9687492049327275
0.34932833927691204,175.52794714449936,11.76833549055417
0.2069263376360217,129.3956191771795,10.047795279472654
0.15167315932975642,154.0905582692057,11.823072541774541
0.3114268564400439,141.95896504220653,11.801384714718182
0.30384411771329767,163.26925949445533,14.43040950165872
0.3297022651744339,172.44756851016786,7.89135226619552
0.40912600848541886,152.96569240379878,14.685482366007896
0.1834590169232379,184.12867180081702,6.633752221802349
0.14664137758102358,121.55635570178138,6.209413982589968
0.2364545280208942,100.81100815706397,11.618492631614465
0.4337549302562945,113.4238753276016,7.106308563006262
0.43097998989712755,129.76346052835257,9.94954325055172
0.16135339016114358,172.1463788411886,13.831059257561211
0.2575066340635011,120.93941284670824,14.16541625426831
0.27379774859872,163.44559693751205,5.891404032268931
0.36288368775312047,121.7257902543882,11.773717104534356
0.2963757982686226,143.76456052420775,11.391242743169531
0.45628952357940417,136.2096869577354,13.163247421661989
0.4364574007965558,157.91637497235428,10.459625550428175
0.16317153673550205,145.3432064178629,13.185266682804457
0.296804498665433,177.82106620289625,5.047044270928678
0.1922486469545705,195.70230806868153,11.336338578743861
0.139812095719462,132.6498951215396,9.679090340713005
0.2784687354475879,156.10350512322174,12.433332684976591
0.23845935783272815,139.45303889932484,7.482834307916421
0.42179620485689523,153.82491531091088,5.869510674657679
0.14436144370184006,137.0253043121217,14.124014188975035
0.35150685830719364,160.74147558709228,8.546058917377046
0.3720678847658553,175.23100661703063,5.811425219319672
0.4314082559636259,176.38396371119185,5.488647553702318
0.3427358212806858,119.27346720206327,6.913789503665687
0.3594828537479361,101.0649195240722,11.348538904664462
0.2693018890304556,123.6202398102734,5.14911714483096
0.2878627520233492,126.15317759143689,8.512247332167949
0.4793005240127961,108.93789713277954,7.168466078499244
0.4846032635480486,150.01905132929537,7.545317886353439
0.23083523178280424,173.6786962724587,14.859006499521119
0.39394858575798186,161.36733190422103,10.630624299618642
0.43209295685274224,161.1713976758495,12.672712520423214
0.1410675026198541,172.8485617622767,5.3907460555532225
0.15972981979897727,167.94173154829144,8.347851454814208
0.16297559058191924,184.54854549566272,5.8687420474552425
0.1943670654825151,119.48972619826976,9.599826419821262
0.19993077504726503,178.14469338073684,8.0903379893876
0.3462050769063598,152.9100189406165,10.220762085438134
0.21458903394669862,196.59574252781374,11.055571841134032
0.2574578013772097,140.71574513723166,11.036778782503651
0.3036667188718444,149.52623357507554,13.650713425760197
0.42981276650774436,198.08159685451778,12.071324852404786
0.14468185759721783,108.11263532077237,5.119763574220746
0.19863056559194825,164.4867959944226,7.866596425746641
0.4161095090981452,179.5791932451318,9.267019515617152
0.23528258399692972,174.40414955950655,10.96031844998657
0.24378674936052583,109.17352786387077,5.631286020295153
0.2820443533693505,152.49259771091903,8.826413922906143
0.22060497652474692,119.42971875593919,13.552515748533425
0.17759989045690316,123.4067855866256,13.741740906036737
0.219844477100179,193.22867338541704,9.317300865919055
0.38661603490819013,125.64432131415656,14.59170424009318
0.22210056297138242,198.29571864645123,7.741219802294256
0.46337173115540226,145.49365900385763,7.377378747903109
0.1690544754989009,163.18244926228894,6.7873414855584535
0.4883645593412429,175.29466153345464,7.178936289612113
0.431045905151754,119.03017445277675,6.498463882885162
0.19124193677380436,183.48685201617502,9.082415069781472
0.28437836476965456,191.2100644422574,7.957217836029564
0.20832668748044925,176.2503025311769,10.406063099765651
0.4905234395165613,117.4933027342968,8.514859608922954
0.17425441969340266,128.25278712312215,6.259292793766607
0.4350815508565977,191.36307785642322,10.443632069452896
0.321019725333601,153.05065129230064,12.924197679550096
0.36294294775334074,160.26223841510583,6.823408524645499
0.16094158788660473,106.34410424189385,9.214045443113108
0.25025975979205645,149.13123902170815,8.42572111194416
0.29513959255467515,177.71952027084976,13.066822888726433
0.34445415591932926,133.33655777590522,12.662927434753097
0.2907499775254393,103.45419288552176,8.589507615478162
0.13808772845532685,154.24968681673326,8.146587799864486
0.2486746397305974,138.26572610960815,5.723675078115988
0.4172684207029887,177.25357092641812,6.382308575936292
0.20502596754099922,147.67747007986083,11.234947315558015
0.3865735004957088,188.10212597932525,10.294989744389671
0.2640707708757987,115.97875042592251,6.513879224441438
0.44723356229967276,127.62704826082815,11.25392698630916
0.4339484254050616,125.07023493342908,11.423633431323196
0.29512867409006355,147.51667308020606,8.075635842883678
0.23763522210891347,155.78320797050893,9.288170230599643
0.45567411508223177,164.1866460742373,5.151563217539722
0.22668576258419287,175.65571618925887,5.076840090869156
0.44348572192605795,120.18372414731381,9.225796477177962
0.3274939841069698,149.69164447542533,10.936025702851914
0.3889936056720224,174.04625435819887,8.006391555235396
0.2584394477914401,152.45492852825447,14.417145396350538
0.12645540773423664,118.37656863004823,14.322635817195916
0.2608826165285776,179.39596357407285,13.98116984321084
0.1854175448778817,166.2855593231577,6.784500291203585
0.4099593874930021,155.93180569494112,14.780205748671165
0.23384551691635244,193.16989435540808,13.185389976988247
0.2814883799507833,122.41193836004997,8.968963980350289
0.24995167409124344,194.10513734668115,9.611329459421786
0.3080372779024685,165.11573866241966,13.064899106726354
0.3439250799537273,136.52558014734075,8.601174586935567
0.4790895718673508,158.26918086834146,14.54814031163388
0.41031218317233775,108.05526817530846,11.34567765595487
0.32909844592582527,189.50485801127542,9.200836398421782
0.42485240305803607,112.11046823299264,6.438651179853131
0.1421316934546034,159.70758890615951,7.632435827171985
0.4839555275137217,103.12183491216652,8.869648766403257
0.26344428789139074,126.38084487934701,8.648829640312158
0.4280274305292934,111.2433017819222,7.058125872967659
0.39730721882011183,179.95437682594667,10.33060894967182
0.26200886205012053,147.85110496633106,5.908164441792056
0.36475492691144684,163.98840461457138,10.781605731701344
0.13756101832806528,140.5258827702205,10.552271619860575
0.16515825735218267,179.40807569219567,5.670658947491059
0.2812083454909215,177.63780450067094,8.364979130746804
0.41106999841757486,152.2162208990024,6.571364620042734
0.239653132942655,155.60852639648553,7.072408379776693
0.47745439468034956,178.96740653694093,14.314601224981583
0.12928437326990183,134.85743606561184,5.445532202950964
0.3656452215081676,122.27161819265095,11.031517850295653
0.391422184156468,136.95848394242202,5.790171298114634
0.29538178123107417,169.67556468812796,13.127187003953944
0.4987891330326723,196.60308087589982,14.107707864330646
0.2260378720925202,159.0701638324221,12.028587108033953
0.49349273001665717,127.93040693491899,9.984618028414523
0.22669568595684392,161.0160301159538,6.308159203863383
0.3670243083859812,188.43087815767882,10.998489243622267
0.30834841170952343,105.98696741075089,9.52437991230357
0.48264240241476114,173.12890448028145,6.121201332133873
0.36945236525938063,177.02134809051034,11.950292184544354
0.40499553171247693,134.86848038741286,11.623829122712577
0.18582173024537058,181.91810602303502,7.336749778505975
0.4022695747648665,129.80833649743988,14.345980932258371
0.3885113694218237,153.0616558973317,14.085873779901942
0.4555782011385734,149.38854822245318,10.707217125893457
0.4976885642451613,133.1737293937412,8.269012965461966
0.13805877874350544,186.72313649020106,7.969462141610396
0.40127454566883397,150.3148554237006,9.890694052434592
0.3434025571053959,135.06031927512163,8.264058195589666
0.4565209312426254,160.60083260511152,6.78005268067487
0.42365960624021626,126.49547378545378,13.331308286469675
0.1926904321090449,174.67390663134125,7.921121320173045
0.14799534932136993,123.02868588404432,6.9169442240403765
0.26609598599453316,142.73694581381045,6.520705648364135
0.24523174159740674,140.72272398102137,10.372779683187208
0.44758920624746784,161.50182040442058,12.775055371282193
0.4338405621329523,125.25010974438665,6.8519420413154775
0.23120574439360952,100.89087863534405,13.600716221075434
0.4329074382951077,185.90916717691715,7.793626677657661
0.2337754244398892,100.63424479450283,11.188043434337153
0.25857005792281373,172.73177996963284,13.325613482396651
0.2896596089871969,197.226421584047,9.950066185753807
0.35175203618409256,124.15299217413425,13.514869157164519
0.19556187886847184,146.07335757785128,10.370550095492758
0.359553167443351,109.04044181296678,12.189827254432048
0.2991339256608335,137.57108931470472,6.485806099994699
0.19722702247221902,133.32753426646283,14.521436579857198
0.1562648124539712,133.03916121874585,5.267704373405422
0.3672798042978075,157.35355963491395,7.127742271632103
0.15641949372572322,181.4519397975629,6.904829643368827
0.24064778260071118,103.53597021120267,5.087416365983404
0.36119984382239284,137.8998297839691,9.044229661745165
0.1902222177956584,184.7193219200835,14.398861679049707
0.16438775195088012,162.4531130493326,5.863247615110954
0.2133059308765921,166.6950508124342,14.91562205673788
0.26169890482178815,155.05407631900107,8.997087787383624
0.1660868531232328,198.11922936461502,7.001737311543346
0.33046779402269594,137.5135611763843,11.726752318819951
0.20848838747498188,116.28941965440187,10.384772893314189
0.3090299913158602,173.3484807349259,9.772124769031995
0.1879262179053672,122.96465559451116,5.016279271599774
0.29593168582537416,147.30518511938044,14.560124787753224
0.3705506828794375,179.48419203488635,7.480559075986678
0.26345766176034535,111.28518398286987,12.279170750490165
0.3703059789879713,159.83433719587453,14.173236272337961
0.2927647118065182,134.81442636167085,11.901244709460611
0.26896746105864483,186.3062684303418,12.788460799616722
0.21931528749108314,173.8932979491151,6.147131083612485
0.43252773793535415,189.59038419424562,12.439970954473589
0.3659151048860792,116.49701793213383,11.1408546420042
0.15054046761504625,165.28494901453388,7.095657790413771
0.3270747713354803,187.77973551387822,7.7355768342167295
0.3301619798518026,130.4409984067364,10.771261672384405
0.16495272586288143,186.37616609718066,6.656552213865704
0.31870525759761664,147.57140239597646,5.740792767667723
0.44476574827839355,166.6086536017263,7.147029513806483
0.23144693009493156,144.84489625722597,9.348864875735728
0.45783103645264467,117.01533290067059,10.265370405144779
0.17318320645410556,158.45119987413003,13.762687587332083
0.2163711096351516,128.56039205372227,8.215561983607943
0.4540547438453981,189.1915884824158,7.000395911877072
0.4531234235742865,164.27336998669242,14.885659238096917
0.36183965725109046,157.63099016434,8.244176851668085
0.45757833195164976,102.92914810190909,6.276008321638404
0.364237717272747,161.13861376864287,10.343818154669155
0.33455053670087553,167.66175027959673,11.076307770245236
0.1687124674353034,109.08489620250094,7.690163129019242
0.380779317490055,172.2305370400056,6.271776294898795
0.29972470527716066,190.06121199543264,7.548626339207168
0.22843947391695657,121.53379517254038,14.647872408519444
0.49563506605120766,101.35246124994224,12.558188609217492
0.46190727758360617,124.18013483519091,9.971624436734707
0.41935027901304084,182.3378641072818,7.813155449661254
0.43719258957177637,146.32896316696184,5.430528574001954
0.2157662158251241,185.96445842222826,7.359088162095913
0.2990589457950486,158.68894811469312,12.421290955357257
0.4570647751458598,171.68556444183747,8.202139144264825
0.4330859010422313,121.0398705182744,11.234426532954878
0.45638896708136517,109.8246612018789,13.315572286385875
0.37538559824423967,100.1898061945649,14.535971709762407
0.3130661665303399,194.5352746433872,8.34663352330741
0.18204438123116257,125.08216687812175,7.929986676524948
0.34368156305063247,160.01189769770963,12.745831020166044
0.19048036186743567,174.23888305367245,10.128221825793048
0.4967337743213451,151.49592898648484,7.121715243828822
0.33460880325607484,116.87063039037744,11.01627421200735
0.19293784967269564,109.38242231724644,12.224509200804235
0.35418234775884283,131.2613915287147,11.146544278555428
0.29772507717308955,146.95126425038018,9.092002556331245
0.49698637153127206,177.6202005372875,6.0112437801915375
0.4924574754431064,122.30795428073596,14.587863745783862
0.44096380819778364,140.7975308888956,10.167400203916444
0.4371465311196968,191.25602511634918,10.646128395290422
0.269079616886873,152.00885403343432,10.078983323866142
0.1708235998433664,108.21288074609728,10.258423648845646
0.34117943043621,143.46847857264524,7.772290119817232
0.2852332566478728,178.89072243280054,11.03739754458658
0.448745749299085,153.2649025320232,10.394612108371728
0.27016383677828887,157.85742937520723,9.590435383298663
0.3824765945484711,153.19224234424388,8.947561908595993
0.3422517021851743,166.83852632272925,12.219733152912193
0.17078876863957052,199.1748212237062,7.5785684744731485
0.2738442927611472,154.2655175784813,11.871780644058965
0.18112290211840396,192.56480793845103,5.196900154494725
0.2504096854139106,146.12161530367197,14.386042569387874
0.27750811478229626,119.16168650495673,8.543790305210518
0.35519511142889126,146.66244985056792,12.761566499534569
0.441316080013614,103.19106648188622,5.245594118665276
0.2874655830028079,149.06039865941617,12.560973804274084
0.3407679574471716,191.7137383213265,12.430365110319494
0.3469923015063059,117.46953490752799,7.5515183230634495
0.31729384927102194,188.4772869085457,8.651117983611247
0.49835630518026947,137.87258826339507,14.670488294095698
0.39177500212443955,110.42051281609335,8.708075261138376
0.20302757661610327,172.59459454866834,9.028294109138772
0.2098471597738916,137.08114372466275,12.140234762868728
0.31155601974517033,143.73437375447395,13.503281523125304
0.3910395642729839,106.77312476389437,8.508966945601768
0.22411931095996035,119.50730419290704,10.640366842046635
0.23265020661819477,168.82675490229565,12.233980426713865
0.13136920971264526,163.2047157790613,14.459481392610554
0.2970015103963781,154.32528730804367,8.1583566746657
0.40801104526135695,160.77054256413655,13.718734567286402
0.42635535477442055,142.32505120451248,8.403775784537453
0.16416287662407347,199.41003337584308,5.262481708359043
0.16441967214939654,120.40121562352819,9.375057264579459
0.12632442367740312,167.26729856547263,13.259519449379875
0.3433435286466217,176.8717099582995,6.183977739277657
0.23347305724361794,107.77417997813481,11.371698737526032
0.4487609391479722,199.95330358292392,9.047514713262474
0.47271984846181386,144.9631387824951,12.333721540638944
0.2129205990086478,194.38745057870491,6.69608308185888
0.3299750274756762,160.87451647343244,6.910524223135166
0.2981221061707129,174.1196495246583,6.157182086320878
0.46077744498851403,179.27875116448402,6.5756949907189535
0.12801138039707438,149.83950425652114,6.141837974321788
0.39220823525427917,109.36195251569627,5.095593752450539
0.3482290489227215,164.8245223650623,7.691821098933645
0.291561400588197,104.15564168278833,8.894481383129179
0.2887287538364435,140.42485685631556,10.396170316495045
0.44833093724284406,113.44199994138253,11.553178953684897
0.2665611534678958,198.51926309419537,6.173830810308757
0.36682683763853685,121.12816726063105,11.857486773727846
0.3120316569772842,133.40935023601406,5.634494355393381
0.18837530744954076,199.27053238204175,13.8499500541999
0.15015174098222017,122.94020103274545,5.12454585969677
0.31617686539099343,193.13099770514725,6.2982594105743095
0.22913623709497546,150.80981271066048,6.0913061520535035
0.14438221410969174,101.42285051192029,9.49054273405028
0.40826405283180045,156.64129945397866,13.335319171290916
0.3108904730884734,157.31750990428458,5.315105951294614
0.22782958394353992,147.64853441971945,13.68302779996439
0.13423236974421998,171.137259832991,11.194080589306804
0.33010914701892685,190.10915878674035,9.243945700180149
0.4618371380170004,155.94781164541334,8.172619542089583
0.4779194811980415,180.344858692208,10.82548095411792
0.2575205950935853,193.72535626951282,12.386961629554136
0.18309394241639732,162.0842392424811,10.943953554728395
0.4888080309239159,151.37230965567832,12.953861618347513
0.47118259841702603,194.96399890226897,13.812597684187738
0.15572908659488732,117.5169230472871,14.114224156847634
0.3912832990089607,183.0186901383123,11.496096564849964
0.3296267220254071,116.04069109707461,10.448702718906887
0.3970179416261051,186.19423610177984,9.555417586199848
0.15645787482165846,180.8279876260924,11.214737315891956
0.2570585649308119,194.86816969185293,10.985992460658043
0.23472191408443938,149.4933215188375,8.289653268154382
0.38407567192292136,106.74322864189415,12.11514199970718
0.48607767539929614,101.12488526893111,6.134208925824024
0.13827860141544984,163.7019886497282,7.7777226087254405
0.1482968210470076,118.72806469441085,7.741989329816174
0.29322745758283514,104.58732644345709,7.501783130530194
0.29088100765408786,190.8196292103013,12.335964760801676
0.3342673948642197,127.37487990392438,6.754897265607161
0.13773000878912506,186.64807709822998,9.944562185957121
0.1434454567106187,171.38108283139596,12.623992804920153
0.4513092545341877,188.45646334612405,7.667991584453585
0.36804780581138374,167.50573462741175,5.430111063492115
0.20628785887912945,174.71398145971273,14.22655419727096
0.1681779160150184,125.1808894642128,14.487289369194512
0.1385876222644687,135.75577355677584,9.833194016161642
0.4647928052965354,117.0528309809063,10.081369972372418
0.4674652624857592,127.15663131900206,14.126067846208729
0.34413209684719454,110.04662942790101,7.230437679595989
0.2568108144858348,140.3761333455506,8.349933888117722
0.301964527048786,162.55838629825178,7.095855394266165
0.4659034142261196,117.03979519712587,11.366088852910007
0.44053822436760554,110.13582746325531,7.301921232280126
0.39635628760681246,154.70644538136492,11.269889491579686
0.24387687433104444,164.93647844091203,6.08850260726614
0.2550372453541896,122.56182915027182,12.433154948647934
0.32341290532163425,174.07172585443078,10.877068273677363
0.19486870046552007,161.92429309977393,5.827976708728889
0.2503804986634177,193.03165834034002,12.690884667559883
0.22844425352061593,184.53221988800033,13.949147862917732
0.3347417726289462,145.10000216318448,12.790951776457991
0.17035224985444924,195.91068636267684,14.027120560718803
0.4133680229797762,108.44385975167286,13.632149379101897
0.43837112938468553,147.6424181453304,13.212430501969283
0.282508269707364,155.2147307484147,11.813736372220106
0.35908160591197974,164.03781817060462,8.40242661220034
0.4157615866713046,165.37277398148132,5.648920409829323
0.18161046721822188,117.79850535407833,7.928098385675012
0.40381886625412555,116.6877920126504,6.431262918407123
0.21641968865114725,115.67695501301527,10.235995835529724
0.30578593439995105,147.75082665842532,14.58181106908873
0.44813013808371616,153.61273879623474,11.781059730743923
0.13585493487173347,133.1228939885944,14.46526271314341
0.45176590742983164,144.85928325032316,11.77913591296955
0.4352574925938814,147.28264936044775,9.9754932517334
0.3290972154503802,146.217103807738,9.840267470764173
0.24390461414691103,172.5690058554792,14.37086709855738
0.20634736807139373,105.10219411047413,12.13436490436495
0.34520033271183304,114.32557559290865,14.258169003898885
0.2792008215683701,138.41536502621545,13.54824870324692
0.20776691514829998,198.62658570259367,10.442246358174057
0.44359175186985056,177.36799476239523,5.847206256700148
0.16447450292427612,158.5450411268921,13.978576467066949
0.2154746604875818,135.84942937447477,13.011622415348718
0.3284547034646962,101.4130847740932,8.924190078195533
0.3964577843916774,116.6047436241274,12.471530281777259
0.1651718394305518,122.48837991590796,5.4963224443537175
0.24665306122474287,189.28290314587457,6.074373356636173
0.31997748272171594,165.12703024513365,5.331135702420552
0.30257133238327316,159.14029887107765,8.696503929172597
0.23167562134879474,157.288671943842,10.892979393812196
0.4958062217679064,128.78658646056738,11.231132546542558
0.2778905931099226,165.222088003171,10.521334773506796
0.2872241146732424,117.86273543030988,12.632049324224393
0.28396162141072834,186.90844945944235,12.345569456276397
0.3073896438583144,185.51745099562226,9.688984653583548
0.35442955238351437,125.53959274497716,14.981156606135777
0.48884200814040496,196.86694801028133,14.887751605781801
0.4544492624793476,151.62366145174786,13.425548182851182
0.4434041771085528,187.27393663979916,10.119616302724168
0.31332810254858195,142.3931701114576,7.836317448246827
0.39260358726533695,197.52334147635634,7.318365689737039
0.2856753534078732,180.48752681864605,9.330408147475756
0.4532014593548352,108.35953764567931,8.457615345810638
0.3191578438912681,180.60239517453573,7.820235894460922
0.41854281205346844,173.04714444348826,9.909173825597286
0.1841572033789429,129.97310886450003,14.49326911051483
0.22948168380757583,104.0887655963569,9.68759252634727
0.34627204090873787,154.00634215883338,5.721634885139832
0.2113069241975976,144.73533982478676,11.50904132560991
0.398897342304227,102.83595095772783,12.516005502455512
0.26127802119228943,192.50216898088718,13.863935559424798
0.4364312120695026,158.5906321886879,8.862885594410146
0.2826962625100624,199.09483614175576,9.32251842036806
0.45553534642893423,154.03838125652723,5.819502653612531
0.37467292019373655,158.3403335821154,7.469456366802868
0.19540409962818292,184.62740689582097,8.465848648544311
0.2601729171511161,183.15119484752336,8.535246927448057
0.47653341705136676,144.78101234984342,10.068913723487004
0.3706486029179201,160.9373348465609,9.044423077816528
0.33427870777453933,129.74121033549085,9.870001868146097
0.139265669618658,194.0388227804611,14.414472693912147
0.4789906558195849,135.082402913782,13.80838330371336
0.44234257108343134,137.5556920264602,7.862764968405308
0.46800849860661137,124.68847117641468,8.884268186206747
0.47164699448239633,112.71910701566799,9.4824019837633
0.27539359436448096,156.47545528445747,9.066402457082855
0.259034547771516,189.33899132903053,11.905406584511201
0.32163300310753107,102.70718035776073,13.7890726937729
0.17341135544848493,121.03011884873985,8.091837150986372
0.21883130597331718,122.44126410894243,11.359748230820252
0.2832454807722308,146.73088881557894,8.828594843147311
0.2683873957056466,130.3954852418729,11.513419231305104
0.3077163492626801,192.71655792575763,10.04869101591457
0.22297189802709705,123.51032775657896,11.122012036980891
0.2756398556557975,188.03161269159614,9.252415160137279
0.38682454864340055,191.1946339874163,6.081438132046371
0.15912927934801657,153.71269606813453,8.116184949327629
0.3040409040465516,177.07030236181095,8.131251914577296
0.4367207347133468,136.88295603204543,8.00093530227445
0.2910094245678567,118.58413502499879,13.699131391407
0.41738652367342155,124.75970800156466,11.411107685546643
0.3553375785234298,171.40835008894845,7.1362995997722525
0.2660750538359029,195.71668552383636,6.537385393354188
0.4735342282145918,121.13718079714131,6.484297929743348
0.23128405319452927,121.09399274940961,13.41685705974961
0.2529889882159291,162.57267591575965,13.323658828661632
0.33477065541752804,188.0359443883874,7.998393567440823
0.3405427382150036,128.6238779178344,6.025759727543414
0.1308596485942695,167.63890967729697,5.918463662962255
0.3492421783783096,111.1751846498501,7.171767172041381
0.4816527095029722,163.42685650844518,5.672418926322285
0.2371056298875502,191.34332738018733,5.473565857440001
0.25662094152683035,192.4188399172484,14.054918946274462
0.13739977995597003,186.7364887396477,14.660948144709648
0.37958734841747915,111.93879902882558,6.005193689548922
0.43534032274858714,197.48627313623027,9.49056534217742
0.46120145899199594,144.11502215838271,11.014097422400019
0.33731511438316886,185.55021308869982,14.419530781314835
0.35519679891715594,163.7059292088366,6.946084035286285
0.3089267444405867,115.97168487727558,5.9127691214167655
0.39362612370760364,171.8394053489094,7.593248454128662
0.3335059736139296,104.43251035810917,12.689548916210057
0.21972662806428803,149.14602135704425,10.183674661247963
0.42126318244019084,139.89277275466844,6.189723220800051
0.1413372711582282,115.78438476563495,6.7978309736890905
0.1969754818258258,119.23430855174625,14.9622908145151
0.3341990285958164,169.57846683141173,9.203929582857292
0.4837394623188885,116.72623283403529,11.65117863203606
0.20749264000204337,153.46119075476938,7.19431997304831
0.12636515252242453,135.3688741128777,13.281675098406481
0.1878928379611633,177.8056991125784,9.14216988873374
0.18956116187425087,151.90959192173779,14.500121556731816
0.14109819490341785,165.79979063476603,13.710584972548087
0.2865631933426094,139.58236680349322,13.322888433583293
0.3032159095632312,105.67120714793307,9.934550869091971
0.49904816411780206,126.68313221360489,9.553189504405248
0.4303164832108177,181.33474470409266,5.301200424665837
0.14689448363405863,107.96690367181307,8.141263976811622
0.338110547123653,176.8932041169689,10.635987741011942
0.23222053549027435,160.6871314261112,12.150527234075165
0.23682498059369295,197.62048937863256,12.38819432578008
0.1400751517944847,142.23765738860016,5.683336846049686
0.2893413533742234,122.02517262567466,11.78622184929197
0.2475041141775276,117.73407511006087,14.324984745343903
0.3321461251423697,191.70692415434377,14.366993307447474
0.21719368882071405,144.4947624903462,7.460452420167341
0.2495997479116433,167.10184574137168,12.47449015618292
0.4038790188968568,145.84847762249984,5.8849971204614535
0.4374048582079766,114.8910677113852,9.652654511619598
0.2330025521576118,124.73092076921523,8.199292722586211
0.2807376256221067,115.6989716972173,9.946756037670863
0.2762615341013645,168.45750391101257,11.176849298809588
0.18633704227255696,164.36089395943202,14.83630585866731
0.39666067080689343,131.54356369878096,14.854586482581276
0.36312070669259106,125.63754619473946,14.399674748192703
0.4494562931811096,126.73514385535593,8.971146060567936
0.2747930295435534,142.16322913288997,8.602734133252902
0.3623359532753077,161.65279292268292,14.71747827852113
0.44640367487972965,155.68413765039207,13.692092982214032
0.35727366646756753,135.39542651577938,12.160705793386175
0.15946895365818506,144.79520321609584,8.169843969056812
0.42392448076082534,199.09147504142385,10.600370042342188
0.30439204905952233,171.07622715743116,14.085092273524126
0.49838595557006304,101.8424611619307,10.389856851036882
0.3570292918958764,170.28679329960133,14.907272037051428
0.23328142362386978,127.78808961141789,12.062510736621123
0.2130456582524619,100.4650484871815,12.4394531946699
0.39651915638877977,196.1210165815878,8.569746996105339
0.35569535820246395,197.86393528223786,11.257039421012959
0.3583836874402375,185.38048157973094,9.338969788699139
0.46633823480389486,111.24510914834829,7.23491597200362
0.4694922012993458,139.43753426597743,7.11597974619716
0.42690490552462046,194.2969502709943,9.327749637276783
0.2727064141589891,106.90198740987084,6.725738183632867
0.22297406082262788,109.16046094145482,10.788538649541424
0.2386990115263079,158.11827656999247,11.571286789354678
0.14013574212952962,163.15691171497156,9.372809821036476
0.204247729377679,182.45135980339734,10.739461743481328
0.23892364034331254,156.10178410929817,13.482524354729332
0.19114855683334997,112.3143100718964,11.420640505598534
0.3496236349074995,169.0578338359078,13.014488181641893
0.4370884958064123,196.46483234950097,5.867851408627561
0.29124822453239974,109.07784466468678,13.141092064421695
0.21898790314817548,117.45441478597067,7.697006869365789
0.33113890306964194,197.49280882512366,10.72852666912458
0.3017578579146927,151.4703684195681,14.306246596966396
0.22618250043142085,197.03397636781088,11.575945778054573
0.4290965117295499,126.52201437488117,5.705150342011088
0.27773328845711703,182.94729502815417,8.315260290206357
0.45045493258057107,187.06585872234862,14.9686149944698
0.426510751024556,126.85695483546358,9.621073364678487
0.14205936432076,169.84464346409774,12.933528612004343
0.17060515569449408,168.83013519780127,9.773925692889787
0.13425603207817918,135.31012410413788,9.456436964942412
0.36641043168842563,162.8727593946712,5.956985675007402
