0.2082474391586523,187.07323061773764,7.067191553394264
0.4694790904767206,148.8411188794829,11.117438629026458
0.41221544618011835,151.84179878729432,7.96800501576222
0.19539546074796937,108.07412687648748,12.3844029619897
0.2904909585859824,115.83098677126512,13.799370312012789
0.22778242324708425,141.42350190810512,7.960799327336479
0.36079546582980626,157.98378101895452,10.999291966249876
0.22468216907581523,128.46858806413638,7.535882057737875
0.24783648038327527,114.41643006534204,6.656128612012676
0.4864739484004782,196.0226715285694,6.884146555959352
0.1341149606110576,120.45555463799506,11.998436141265575
0.4173179695833237,102.29330924390815,10.77662858129756
0.12561581476851696,151.54726119053936,11.39795176130857
0.49460915105157083,125.90975964111058,13.024968852628703
0.4514311576255562,192.274961394567,5.022142125324436
0.3010581394090915,198.14687376060107,8.989448039028504
0.4301496790950943,154.64564979724778,12.708540871402246
0.30684915312067174,102.91115636727177,5.865256884022051
0.16679517964175875,125.12451116905476,14.64915292526365
0.3619122697766545,181.66602026153618,10.660819960927563
0.3632585770932099,181.19023911804106,14.266826152438743
0.46723503638891867,182.48107204385255,5.942027321773226
0.2603931569239284,103.55090317603303,10.46358348540807
0.4235535203210016,105.11428031013472,6.886677357931079
0.2620541629670618,124.42908669579083,12.95087472921032
0.2570356009123882,163.88776820603653,9.934150518967597
0.3438124038950212,193.92993519648516,14.435400820158796
0.1668846601938393,184.35549661102237,8.460281517559523
0.16281022732349193,138.3409066067115,10.10354797339248
0.4854136557369237,137.15126153280073,5.123694116003577
0.44739008262057184,111.11107495403652,9.78339043986785
0.4437425121448226,151.4737967000679,9.466078279223133
0.42517865778146363,102.03913784481506,10.726186488077992
0.2792688559172662,198.51367976958045,13.014015304110702
0.14523578830443007,119.04777734555026,9.524188458169753
0.38860327891924185,133.20481495356773,8.599831951713076
0.47055146223469135,195.36305057273472,9.076857286771435
0.46196418308177123,133.02532519595064,5.8273856907998764
0.32251908704697174,166.08443909583855,13.929842943552984
0.48693408013037776,176.99326768913147,12.590991182893259
0.3912683927579144,170.15528325813722,12.673313811177835
0.49038105458211645,137.37145173959692,5.830544430384449
0.21486516485458435,122.14827600429952,8.63599796804106
0.42886783704213194,106.00961698663498,9.497435578965561
0.42993894780625436,126.42383745406488,5.634009819733686
0.2157903770959756,108.50704617502156,13.07777435347352
0.1888437783642808,119.53446255624387,13.146420115578604
0.4288570734434359,158.93738782337425,14.14734340117462
0.14743311378298796,196.49966402703325,10.709752168558058
0.23844429218764784,182.57058264983505,11.594172803533212
0.49493804052627344,110.74895335750989,10.809185276333952
0.30231055814648256,165.22707859877005,7.418590540974291
0.13667377378190226,154.42323527461858,8.64710178792385
0.4596249782369415,145.93455947586443,9.186541000368996
0.3623395777966127,152.71788329465622,14.612111401741153
0.4208787929585914,149.66955091225947,7.111410008942379
0.35149405291110636,174.85758105548177,12.558638312606142
0.49756400297475023,121.84977813400988,9.256373335349867
0.2839436010519585,131.86464376823312,8.65333018934403
0.30422799128920863,154.20904090770085,7.6523024662679795
0.17538639794463448,130.188609773273,6.364800938212751
0.2441375762572211,167.91826808710908,11.013411558953884
0.49895954996109576,156.0914589810152,10.48726197093181
0.3658810775582083,172.6789370633576,11.158135395184953
0.3456875243649017,160.50043134902023,8.547854606979612
0.4165182479856928,160.46033142332834,8.092307714734773
0.21711162445406026,107.12659840949678,8.477291676671326
0.12981802774265133,116.56418266382965,5.603664324177777
0.22930847520766867,134.83319943390111,10.912223113896566
0.41562992376354074,162.47544671623865,6.596809333223338
0.4601609949621076,173.0591266006702,9.977680192642012
0.3663650822716228,150.94750943074226,6.682081580186132
0.3655492897016869,198.81677629628268,12.703293631175914
0.19305545341979602,111.9769020758483,14.303418429877427
0.4662865373608594,174.9184659610432,12.605315404167413
0.178578424204749,181.19441915574242,6.92279295775475
0.18302941607800166,140.70789565214696,5.003828943674709
0.4420691810614287,116.11324533439407,12.392507348926605
0.3435915559712801,177.0260002971461,10.99993166737686
0.4855503071923145,137.97783894182174,9.97010350075055
0.2518769933648237,174.27507415175313,8.004958697734391
0.42454485296250055,108.59497793298083,7.356636376651727
0.2893133347273101,112.60458531287345,7.030319807878168
0.4405785281986757,137.2432454916485,7.186817294576564
0.442299808419037,157.5374665059152,11.337164772906705
0.4583482038785436,171.39590589682183,7.6511266825114514
0.12864061562493073,154.94634595289904,12.075262252919963
0.42713547861500867,119.06563341982923,11.342142760246357
0.47695735029102126,125.81863842453116,7.924804596307673
0.28461650451470955,157.11786015957307,14.900555533230705
0.3455748547642339,188.78993969629735,11.562112790440649
0.30229207779125256,130.55485297265054,8.501795780966965
0.4164253595927112,117.75090473201136,6.379353583961124
0.20489186161041936,166.89134401421512,8.714049470154468
0.2024385044685615,133.07044032080017,5.816295624151385
0.2887008325511645,181.12159825331952,9.457924611906908
0.29274130774747237,102.7528463477696,7.789776720743462
0.1531889374574909,104.77383771135992,13.6358557985111
0.39286909636706036,183.0437700376241,6.329057963941955
0.2619824223293851,191.3217542315818,9.33387890987607
0.47211942990637956,196.1368076131451,5.066081079895746
0.2873489695675178,158.31126288435888,8.488275722230965
0.26601200671429853,135.58215761577983,7.310328751730122
0.1347639666598848,173.11839998682424,14.985157672628342
0.13937822381000925,185.90982169530525,10.443049309704545
0.1323199845586937,106.88164085736558,10.254494810774903
0.16421007741579974,129.59974276602574,7.74834404011804
0.4889771403356605,146.96664849381693,7.851810642704749
0.47684078500330707,196.672666883648,12.193998828358723
0.1763296371203309,188.98989854429453,9.412602935546985
0.419797766823898,172.14887283519693,11.531640777505398
0.4126149247366162,181.18302554393782,9.616615406840934
0.30673272799486073,109.7386244734226,8.708627664523174
0.4573003598104821,122.02720261195134,12.489151191794551
0.427486124432625,119.65678297943617,12.646026501940552
0.3715048485305169,197.5459211104141,8.882931496534537
0.40878124858313303,184.39536221560058,8.790726428075413
0.20888302902448003,136.82424018259175,11.528298804275758
0.22152025667948538,185.84989326905193,7.951914804582486
0.4115129996229574,132.10437359855206,10.043224141263659
0.4528188951446237,148.539667306753,11.241885124530135
0.25355301354266274,146.85735027875845,5.614140214933595
0.31991243316951745,144.91541446297964,7.989828614586258
0.18982891510010735,134.06637209165282,7.948505223087851
0.260951635932561,180.8754060959979,13.955995601408931
0.4681374959084664,142.15556209897613,13.984475119819725
0.34515409727067925,199.66110999167728,6.2426283961828375
0.4088118345416301,158.82685699028394,10.145660203091754
0.40933084797482006,183.32817242174076,13.310878277385973
0.2540446022300725,138.06770573233928,10.952851275298432
0.14107697943626307,181.47052771678096,10.860231012050868
0.2913142705559765,163.8134874617744,14.553515775390412
0.4265791812889529,165.61496917280328,7.075423411253011
0.48940100679500015,138.71137467955253,14.052363086662364
0.3128954839249535,167.24082824575305,13.874029722158653
0.1468946580436802,129.47466449489733,6.77693587280222
0.1424621088997614,134.18082807706125,14.154007348491934
0.2197686045322561,111.30378185889134,14.418449367718152
0.30999162144218634,147.17910210361885,11.878467561330037
0.43140681037079975,122.69073072121765,7.023528544291082
0.2841870427909845,184.75929486783616,14.271214033544181
0.19640126122708995,168.94592060239353,9.458686799115267
0.4542913549033911,129.5611101173068,7.702038484713611
0.13322446059078236,187.13508804839094,6.6605977983615405
0.22944919919763307,124.63311961045,14.220521803674396
0.15561055991159528,133.66584447104108,11.804350314668174
0.18708693350122768,157.7658504752715,9.246570798158615
0.12992753057125692,160.66028879772037,8.469168821812806
0.2043225856472969,197.5150028727401,13.389822105081446
0.29326599084003113,132.12490423026748,5.140978841160198
0.398026190819665,126.63235498266893,10.116899525735095
0.3597571518170359,175.290599380839,6.581461740862665
0.15924372933555492,177.40671493923287,5.514579315338254
0.2774814972379341,103.6023495068408,7.0778884719084
0.19602413811275518,183.99008217165374,12.42941723285633
0.21675358272284334,158.61680949531993,9.945988123368151
0.15918563405021038,135.78175734883817,12.507009864882974
0.17328782572480272,123.99006802979777,8.564244417945588
0.12650816840289353,177.34535179753902,8.950918298086947
0.36450001322993164,152.60342792060806,12.793678982934827
0.3720669439226802,139.87571233268264,6.236616225165289
0.2840023123860754,100.52876500174042,5.78165908470559
0.4361781510739786,151.6769166111014,12.88944895790029
0.40216658966242974,152.77993576896583,12.27295475951771
0.4789335921916921,194.84260912305763,7.544314544142922
0.4656439548958773,147.10257124637388,7.083833139929948
0.2788053877229747,158.39311165207917,13.889993554420077
0.46376533783491203,155.9775375241535,13.071614872922298
0.32341825984859496,109.50770641004378,9.357386505702156
0.3871873890025137,175.45476523045005,11.7785352435856
0.12578931826304787,168.23374728362217,14.800212481483484
0.20487644815001077,171.3216989608461,6.976891171988388
0.4124334835693044,193.57969561592148,7.082011662724516
0.43600273298351566,129.92536353491866,13.80704999592303
0.13691558280498284,175.5230709768016,7.153617996019249
0.26258260386576604,115.77089477620193,13.074310226172427
0.20039519740043954,135.45788906713094,8.65597760057475
0.2253210890624279,122.39226206245887,12.476101281451273
0.34151851834972075,177.3862979208444,6.569555624895626
0.3293991655169497,107.9705132066611,5.984114955394059
0.2869895983892705,159.2249845860918,12.166423945633571
0.33810822531975526,107.70507900942935,8.768962543863843
0.4017227857483491,195.05511854343067,14.053266060170488
0.309346363806407,193.5526085326062,7.513832782328384
0.356344305282313,176.281870969585,5.016787689092434
0.1557950339011412,132.11789088764323,7.163498039329395
0.19053405894727143,155.1840425946582,11.396287112027515
0.3068852175783536,169.95586797138037,8.181689154948444
0.2622391184108857,113.29961230659728,7.1694401026733985
0.3075554472895409,182.64051782292202,9.735517806394139
0.4561912182592481,193.69671393067432,12.714579192326468
0.4171300756069751,101.46438031005007,11.928559486659069
0.13787013697679296,175.48746057554172,9.24930017004214
0.1563653106848154,193.0438875325072,6.8520717928212695
0.4851443387703244,178.4068987782594,14.226937236816896
0.3597524734345352,135.1779603258907,11.9912090821147
0.2976821910143195,173.46345269796896,14.537510175312837
0.14627849304689083,116.55563177698103,9.303582175138024
0.13529319307409104,135.9602823433986,9.231780436580067
0.19044826860010317,104.19882337775762,11.35095875629046
0.21387891597363606,170.00004078324298,9.168060008633782
0.46177386184282737,129.788512683843,10.407770785563972
0.2318729601650516,194.85777249222824,7.777678291730286
0.3785894482479588,135.43653625284009,11.834897200933504
0.3574543675193518,177.2992515081844,11.262507292301287
0.2960377129616032,145.05720146485206,6.5635950597639106
0.16908429005799896,115.47459847137,14.295333096696448
0.37642173856801553,190.48610107099665,11.146949375583336
0.20480454669775724,101.25086785154507,10.336786787627776
0.48987325933898906,179.3697748757475,5.6892558328294935
0.26147101476716755,113.33946638895938,7.704180961487477
0.3791072942606292,132.564728855857,10.094472542632426
0.2334687924788476,140.96824249368032,8.778255596902664
0.34378195183881854,107.89445372868536,14.936109278764425
0.17590059640137945,105.38159108437762,14.100306297374964
0.2619233142468137,100.44734254950927,7.508696810371144
0.42812799087431064,174.28193025084374,11.451438661286618
0.43461655702323976,147.28253652365922,14.189020672089846
0.22612002861907027,149.66450735670227,13.293798606234255
0.32894316125639955,123.98420584422679,8.336523049437071
0.4476989924455621,152.89953018157814,8.45771060282964
0.3590077452364575,114.8012029397857,12.413745227105512
0.2614538532193785,151.6729480885077,8.466679592376027
0.44648248156744197,117.65346257378746,13.691241443899026
0.37319291810544397,118.15734676885252,6.566020782092773
0.22239934759642788,144.3666180151765,14.441883604194308
0.41922639927445426,128.80479079839495,9.757061656097877
0.14093243279894802,177.60360643371536,12.147609067105403
0.3658333225919277,160.30270407083583,5.745083642717441
0.32149235986740704,160.0807117026153,11.193824714887725
0.46161782476577606,133.0234680960492,7.442753899287464
0.2892477495940866,161.7203069353464,13.516159900193536
0.40373050301560126,151.76172166644741,8.896336331226339
0.40491588135750867,137.0622761770582,9.24305804268311
0.13188525829245706,150.7761476661556,7.0494738340679834
0.48738088265872415,109.24762160351786,5.41619232114244
0.3189136902522854,198.34575024643465,7.739457031095394
0.17490243758026955,109.05385670503523,5.034843192024167
0.35589217124606876,135.32369996141904,13.200075392134119
0.20813627429945575,154.79999798548295,5.543978325048239
0.24608789646258322,190.7536398301619,11.034247947943225
0.29890220220091746,193.11566567766025,8.494068092651691
0.15217201997266744,145.52456025950534,10.891385892379942
0.42481067367526265,136.83950162297617,10.197155336357575
0.4582121753759904,163.289997354635,7.736063538539064
0.4743599877798955,156.97258578046706,13.379508782022135
0.4274411181450727,167.1665543334677,7.989314144220892
0.3699231815717481,111.53798351096238,11.69830851054741
0.32193852949304186,132.29489310459354,9.423088971002056
0.2318998200168399,146.99115314995709,9.260554552920034
0.30957028510354384,102.69142439795911,6.085390853010251
0.4452151453872175,117.57949566191154,8.10668152152915
0.38586146965119467,138.49581883692758,9.038896431857884
0.1392343674225007,143.45850283711346,10.707279897347497
0.2905623301318623,138.1597577081127,6.729586827441776
0.2702061034083859,105.08214116918201,7.831761150172162
0.12813776065429117,116.31508727054285,5.652515901909551
0.4731686803298513,152.8054242154859,7.292817385819651
0.35578913977581283,126.23800178345053,11.487258817916963
0.31809294227323437,139.60976140942336,14.046790710041067
0.38189086714260045,194.67980061080152,7.728914032707763
0.268927736533426,166.9939390246434,11.227053727434242
0.2269327557758997,109.50655329524768,13.285430594432162
0.25216639016635156,100.11729586431144,11.924072248429248
0.249059310090868,173.18345170167493,6.201277800211783
0.22147363340240717,191.26270364806203,11.125529947665633
0.2770521618248923,185.69618394051525,11.73018138896365
0.19221213397911366,127.08388285162405,13.805266554458042
0.4762485067595814,170.23209660799887,10.320698746503908
0.46652799866375216,166.03435782516186,14.395195146878324
0.38948539862050224,121.69852806720648,13.76380620415997
0.3256602373709363,134.1733411551205,7.326712538416586
0.22662566432476727,154.34548861719605,5.464416836716247
0.26165950085453715,125.51816194595855,5.97232028301783
0.3135073189063139,135.577435601739,13.781816127594142
0.3225187994077095,114.5832242398554,5.774525751513348
0.33824143383817507,177.94139981668064,9.101410652926528
0.32552569347001936,180.63800562134765,11.516679081365222
0.3527430415923529,189.36244469416795,6.646145993279974
0.18978548202523524,194.48025730613398,13.07278381093218
0.4912852969269107,152.58328535793015,9.249799770179429
0.48259504296732736,162.086039561506,9.167067942049243
0.2878843985966399,147.8791849414424,5.603203451438537
0.18376932273860278,163.47541392595684,11.896764767182459
0.4564977211151556,157.44348962670367,6.470707635805612
0.3832025609759384,116.13387978053856,10.31864679929543
0.200626106035828,127.63257883052556,13.706149368407702
0.3329170721467154,174.80959677825658,6.521008421499182
0.29221694848120167,139.24325376257812,14.767093797164481
0.403000885822207,182.3009953738357,11.805352857904879
0.15016623874889504,178.33120801932097,12.255433240828253
0.3871019300578069,142.77055136549282,7.724461451950544
0.31037120808189067,140.60483605488005,6.05952170270355
0.4147181749729789,166.1929913585452,6.505177072453526
0.3548873150534346,194.98286221642942,10.324771182970128
0.14182280845544365,196.70515579196217,11.490421742972696
0.30514684192614216,195.33726257754284,9.457848339722407
0.2052529974198058,100.36020320578317,12.950350648021278
0.1806170412524724,179.69531720767839,5.813078876150639
0.3625219161434731,102.34376339900257,12.208036302755861
0.1302578234740615,189.67370644602778,10.88065513394617
0.42230918709773335,192.39591989883328,10.783962946695219
0.33147696498632306,192.83359230900095,11.914748070298812
0.4221729247479976,150.64258057656758,14.942442530482722
0.3359614628966337,114.10200006070247,5.408057088494187
0.4406024450560464,109.21489952316212,10.86800347453365
0.3121302370960083,181.4577500417953,8.696070445986859
0.18703746293817364,117.85940682427196,6.174843079991824
0.31974133647353986,107.11680169158457,9.205862884409376
0.21150599142848403,114.2238389848289,12.308940335391835
0.42444871928047195,174.10110958557263,8.946774279364178
0.3027031999826914,171.90025235632572,11.431235350719433
0.3253873813267534,123.9588890801185,7.513851475337802
0.33134594257949623,178.84872555979373,8.771648411696297
0.3360667240290285,198.92459921570293,8.5623761675052
0.42254634676160296,158.5895727984641,8.880539875669605
0.31628227872231574,106.76767077016855,10.859378936584148
0.43720093572324314,106.86185280482405,11.470027864356599
0.1441098493313052,111.30721522718422,11.263424068737182
0.3255064601291364,118.94171333981402,8.441690872075466
0.16763848441090484,169.10715118020732,11.802856090229453
0.4857906260627573,168.8241404146218,14.178657232923367
0.4260287596484138,158.23759539283117,10.415008793567033
0.16208284472461437,117.25603449374171,11.03596292487155
0.2671804069930857,111.79549892873536,13.09282206434085
0.2641979520876731,107.11571064680143,6.053579843319613
0.14713515410981176,121.72094639254581,10.536397455628723
0.31372691799709956,120.0174413570153,6.267368021723562
0.3025015187341648,162.1017551298726,9.890619281247574
0.3155113183252581,191.99458031922416,13.383967176214563
0.40533430625590605,139.62950221540373,10.705873461033832
0.39747898524504144,143.72928454464147,5.47169802954657
0.3746461746247094,186.9600684163185,8.103937293746839
0.4214724104913582,171.62461489862847,11.438098336926286
0.1371719503905508,101.45220099574365,10.086307180003656
0.32540986475399314,111.1023391939419,14.719533653742753
0.21408429086036815,176.15335028550882,9.157789420520682
0.2944069572373763,181.97729233389012,14.73271138458083
0.1408444806051402,174.13912914073177,11.506493884680204
0.32683702125302083,138.42406727485604,9.985863895072727
0.22717116643855373,193.30188870721503,6.338479917662404
0.18232614342908104,170.84075182482079,9.653449800810922
0.3630579560923982,161.26711813988757,12.185142907009551
0.1784630135792604,170.30829093300142,8.30026748263966
0.38448876373147023,135.0634981790871,13.251697029522134
0.4423924251004856,163.47072547332203,7.669592080157309
0.277976604834123,136.25905585318242,6.820275880515392
0.14993488301969982,162.17177238570508,9.51132470441046
0.15016745790758287,162.99213054231026,10.985840189263705
0.3215229513961855,111.02133819171094,9.66495668840453
0.31453416009173296,111.93115584549099,7.509240211761648
0.4989648772213746,197.45015812696653,13.944216451160383
0.3089135580055915,173.19391380840977,6.061126094507735
0.285110608426543,169.7327066857378,8.088358995345914
0.44112305931898627,179.49045331325618,7.820482417791192
0.14155063417833652,162.63460018482843,7.341674459013254
0.4062685961728708,156.10985520158277,13.66598525439719
0.153069609543945,144.3694404385732,13.570750226601595
0.43359583326606504,183.3588012750124,5.780305396362705
0.3045065856530681,159.57791000163283,10.39524839629609
0.12929624398520978,176.9639276458384,12.4229806317262
0.31031742886045677,114.91019653888075,6.715369426412199
0.12882074544717212,155.019078021476,12.026245931199622
0.3766498529703537,152.75074793774607,9.202439078319134
0.38914482879374696,155.08157301528834,10.881006849733353
0.16050095792775687,197.79009062516926,5.2010954539454985
0.37208469888629414,171.27925892649205,9.03082047278231
0.3916838701174114,196.040805311605,12.353487901217814
0.42305044920193036,121.64784390778647,11.07468737685217
0.20618279353726948,164.01614932644492,13.48780741008242
0.2694810333825477,121.68705953838776,14.03237982249321
0.22569307079077128,129.79244456455277,14.850749424080297
0.4800556989520329,184.3517358286475,6.237339382453081
0.4187510036674086,141.62780429741943,9.231697585878337
0.23043060936557214,128.79198527223897,7.020453591954608
0.24807408357867317,105.62193455670077,8.987544314875194
0.31555267508402335,199.46304441439344,6.923270498068977
0.3845767795031715,126.41760258021864,8.118733046903195
0.4746916940519612,155.5318257746048,13.425367793267784
0.48729444175253134,155.17258103789132,13.509414014816988
0.47234748998934006,142.24181328772397,6.109470868450258
0.30575352743847906,129.67378668429848,13.632785565365579
0.4797084144416718,104.60645597245698,9.645159170657234
0.20567352718336568,148.04510627553015,5.7923843679125495
0.24651612318400234,110.99803229324615,9.103554581240907
0.1455265672040797,167.68423503224975,14.176668298229947
0.4568778784115993,149.96546556488465,6.054839791589256
0.4304540588370988,153.79095546033358,6.899857184122112
0.36563856510197523,179.6269849898785,8.130405755132932
0.3976293199537882,133.3815418853764,12.716248451601679
0.3419252449912457,184.87781210777658,7.600773357235266
0.41157668787582136,128.91832408697974,9.753399520291858
0.45419745271645695,168.39763216607497,13.28258346518707
0.3537129070553969,161.30042838754738,14.343948324031729
0.208257894550164,182.78671267870982,11.214089099948893
0.4496307074160779,198.08940974289698,7.819979959939554
0.46336068672232633,119.78895700056967,8.938206767835482
0.48847066135992306,117.09098370906581,8.065689377542222
0.46588667168208453,138.1972510122362,10.250825276163038
0.22324770058835283,150.15275632627436,10.186759851491754
0.4875728090510115,143.70033477482275,14.878902894585964
0.28300584317254956,111.18709305575119,11.220846772137953
0.34195457298540954,180.42865661843433,10.778784743682984
0.43384522654559243,155.4951633679077,13.423844425760606
0.3162698928689634,152.47242529441775,10.182521667844268
0.4214058568451507,146.483507173639,6.925465739852799
0.3786787862391964,189.99140083648348,6.379116726871381
0.2185158983925422,139.97636595662127,6.466231351123514
0.4119143518851956,175.4802101754847,9.695418159862033
0.47345498260731056,190.22847857827492,13.182427235624147
0.37307456673332645,195.84606058322714,12.65106315294111
0.4470913105111922,148.6820991871854,14.390209114241872
0.4212674425392491,150.4725580966527,13.711922208050005
0.1780046191395506,140.50008945563076,10.645659220771321
0.43306516453166155,182.72227949943314,8.701170895444243
0.3333499136423563,144.08067094811457,7.617723267530566
0.1770470070965994,153.5071890221389,11.927724026688175
0.39229283914362945,180.36153860507864,12.362364808941186
0.2936200025208573,114.92332471247411,10.389659297776564
0.2763552267327591,101.48945482866992,14.134659049102087
0.35452368399015605,183.80399445286307,10.034129130155828
0.16754733285260603,127.90484703445858,11.643878561184508
0.4711774744709153,162.2750585917256,14.11980837334417
0.4578067397636656,126.4420045348837,6.8104232623195315
0.3754900617912269,176.40470558767637,10.551739252322875
0.4244193521576758,196.98210978873465,6.703624107689877
0.3043742205423089,110.35538258711176,8.309557916014876
0.15702384544192322,175.77369170222534,10.829457774847125
0.3908639403657106,151.88383061026065,5.2078246179357945
0.2029927211759818,145.75718757107273,6.717675718976805
0.4346932227233752,101.27315339965504,8.271406755037702
0.314184682853501,145.02617860292295,7.407443351792541
0.48188987914192555,163.81065625649842,6.250556980559794
0.484488084813828,104.67590276076689,11.854842709200963
0.4950113487081669,168.35603795253925,10.188437877256103
0.191180140770798,156.91106410232652,12.368557339858683
0.16210488998710737,179.89329026527662,11.134079407089054
0.15035908431138184,179.79702852235093,11.069316144298611
0.43195090541578823,119.99233883512042,8.193681274516658
0.4673309588101713,193.7348994831123,14.716111890788655
0.13357629992352954,142.82301691044628,14.608060488193043
0.3721647886519269,146.88861483782944,6.438646857217581
0.31465285340029625,177.59213067293544,10.822754430782688
0.27487192080549594,199.98646178658072,6.299112925690783
0.4507801387677635,117.69141085542051,7.660442444897056
0.45558768409077866,129.60256604506287,7.100597235302114
0.21288887276666324,196.22121372617232,14.434144697415746
0.4004681141757411,155.29456063515704,14.852753744783362
0.3702511994425824,148.30792851412244,13.661540263377095
0.35285684157724045,151.3798048415705,11.574178429229445
0.22201681624243977,108.38097395303986,12.140084796829212
0.320305303910703,145.38842838290054,13.622725523387347
0.44013142863246174,129.05781114908228,9.474637352453735
0.3842865939859101,155.6620388616481,12.382521664122102
0.14907692394649563,173.58791623939706,7.594397065884762
0.17300355815544227,134.86578000083205,11.510847190320572
0.3310327380300509,101.76355510427226,8.696350331003615
0.18493414312956197,163.22238802811776,7.451745037262807
0.2166328486698399,163.8842437543578,8.712404972388438
0.38735620824048494,142.81513683368757,9.228445288514543
0.26560545039162115,152.69310622460685,14.75114610648204
0.2660473311564909,105.34488059831011,6.6758243265465556
0.2702815742959055,186.41442993023986,8.93378948462983
0.434511636712224,126.86792408806241,12.254400977582902
0.1903824107961875,184.90341463967425,11.469500236794385
0.31737884695774915,199.28700434104366,11.55521381447154
0.49347296632890103,162.8427855465319,14.429740550686777
0.3839694208002836,154.47051067156133,8.720474078073236
0.2743979070618408,143.19778379556143,6.558385415412502
0.325464970267063,199.78143551721914,11.683271047725661
0.13903150096195463,125.54057883337228,13.535061514419999
0.3420315668162288,110.76384979394481,10.135228350147184
0.20639226505834274,194.02800435911593,11.764599997660993
0.3161990979109085,172.82936122532138,10.101362902730223
0.2639542579049745,166.26309003540524,7.808777019572069
0.36966032632299406,180.05125131739757,12.99810423708232
0.2114443340192131,147.0744991709753,14.214926221493947
0.17848848834986947,118.28731790446297,6.496118226909237
0.13330620118416492,130.18593895076023,9.431505472385151
0.487970385386647,126.64435734800585,13.924876783811914
0.31055498987064883,123.62356751867927,8.665530645057249
0.394470655092364,136.50432301094992,9.282743252250246
0.2826074644963758,163.95944397099396,14.044511869064937
0.12652626264652495,155.603471084945,13.710938390076834
0.17511223328894743,103.48838749173512,14.583506440989604
0.42312456952934024,175.53815050857426,5.733257601175946
0.3383880920241332,157.53140802964953,7.163347501378726
0.44226517502704477,161.15802674854967,12.341899211456179
0.4825365987686413,160.48803381791163,12.669269235679414
0.21192242542348153,118.50718130024485,6.302983597003192
0.32551978010433014,114.21073857023913,7.311486667671474
0.34236488252460395,175.71194687264995,14.529647541686511
0.4533102787955327,177.05435723388933,11.543928166705399
0.3788726310824436,158.81227662977835,5.010918366645899
0.419462636989267,136.65653487442162,12.959990480684716
0.49552822460363993,133.4754944289755,14.318836465866516
0.4142726213774196,127.41163481900895,8.11838247282194
0.44465039681121127,114.3349555800159,13.025276203289915
0.21093919815404708,127.23526058332808,11.9975465522949
0.459763563031298,175.4145884129624,14.009081959121596
0.46287532974650286,153.162431577885,10.997376579494405
0.23844297203891157,143.92329995300702,6.43280053114517
0.35636156619608217,198.40537758456105,6.517137509529328
0.38059778863682064,160.1456430699275,11.559598678610406
0.43685198785090606,174.21745226800988,7.76892415889816
0.2939062076995363,157.9193964302174,7.466633808953727
0.3224433382361633,145.55216224467114,12.358670986748127
0.1469613134486389,121.34607153392248,5.5223604498454275
0.18141480935326104,166.0050541674741,7.648290899868578
0.28233828768319436,195.91679917979263,8.567254405314905
0.24852449271499896,166.041080113419,7.31673849653327
0.4847788840090453,157.5914708944139,13.659992423725042
0.3738157354176441,102.85979068021014,14.0105980444246
0.13262884215983844,170.71746514926207,10.412418361217812
0.3573451295784021,171.55314923394081,8.740385184055018
0.15775841661062995,165.25781444333722,13.66304027584865
0.37719784792590194,142.60819345087393,10.253470178859867
0.3547371810103805,151.81443949310855,5.149278227967008
0.1888082815621744,107.47231009375771,7.890007381624416
0.24467927166701126,123.82987045072475,14.01820205018629
0.404903255988101,101.00763321491762,6.9593331397312514
0.48071469329016675,154.75418486772256,10.152052825305615
0.3212922492279633,197.0668875348312,14.340931445069534
0.37903185553997243,154.20133996436715,12.804125156037026
0.2233183217672412,171.77887110204838,9.378949395361467
0.1606719240161269,128.30561973662782,12.48168335341471
0.25906096303831816,172.46813659305747,10.591676013126907
0.4957277043965159,140.09555746217964,11.86940130457262
0.2739411405178755,108.8183615213196,13.478072566248567
0.12878042717409738,175.38012698862434,12.67146429882431
0.24932171994819918,122.9809176565613,11.330395940082575
0.27915480366099443,183.89042796256643,12.362010177379766
0.32171675514482,133.2286274678315,13.754391192115147
0.2910280804407106,161.23859034562278,8.851712251869635
0.40892894823982473,177.57895540132137,11.123318809159525
0.29082015047585424,184.20650109132765,12.989290305392071
0.2117251821372304,191.39565312679207,13.374208694518622
0.4368872660673985,164.6316954928896,12.580727864351228
0.4065341084245936,112.72233764978577,8.70677629886514
0.43145152124024594,182.8848244139112,10.212118763107675
0.23278008186383337,188.91141353870688,6.18272154890202
0.14748322825682286,176.0816016212047,11.769338688555191
0.36968367723579726,187.24939726682004,9.374669376509807
0.35221387195269965,183.96255603768986,12.120500639577996
0.49479077162588786,179.50541452414515,7.487521081320768
0.19717246336472627,195.87926260508155,13.489777847351604
0.4774471233810267,123.78571198326611,12.037836370847437
0.16049565012413733,194.79810446499624,10.238360132422189
0.2754025548418087,178.0307785787333,14.243644659341255
0.3801511999605153,113.49726137074336,5.324691869042162
0.4862155703123868,169.56992720090372,9.860156413700114
0.23443051725757447,140.64394486379933,7.942708555888728
0.39985340887130927,131.17454524849728,6.944863233720019
0.2067799920439775,142.31565740951942,14.255185153920976
0.36753740388598766,131.78877508443978,8.785693963703208
0.44880428853622084,141.18711331706373,7.939805729979441
0.38250154488852495,138.8382672980483,12.698871869271258
0.21196836115156165,157.6694726986716,13.307576514566712
0.43712753265915616,107.23047451804533,5.013045475223098
0.13899508398888516,182.08911648950252,10.773786423743843
0.23317808671197626,160.5485934514601,8.513258583775894
0.49510444749760907,139.71259828199712,10.466724362159813
0.4178380026790693,124.15681173735655,10.75409910325676
0.2591130092560213,148.16349658387082,11.556747534603529
0.33969110776610123,141.4764111831235,8.021185365933677
0.25573002743359474,135.5010745110548,7.204193000807029
0.37786318757035614,142.63639813989172,8.521567681254846
0.28033682399144977,142.89063950414055,7.875288654870223
0.2719061733483299,161.1081768924257,13.91750832078126
0.23365814453104072,119.214222000422,6.58241915237494
0.13703731099000935,189.91101446390627,11.897494066303254
0.15439679895433067,172.40056161761814,8.53501043244415
0.3382023931741189,134.33359209210548,9.710583474377305
0.4612481405531455,182.62445821015058,8.798863650889352
0.27174356715180625,114.97755109371607,10.677601735687704
0.16789265780281862,188.03177139527054,13.656148111137117
0.433713228046291,102.81197634771668,7.994950820622819
0.21012385517301185,141.09672150134276,14.495613758133889
0.4165757965663643,152.8457366506717,14.934914374760734
0.14798276167932511,145.29914254789932,8.513105914791094
0.4326706755395668,148.6174072101754,9.410898781538826
0.180939525566727,179.38233863918967,14.640027952066708
0.4196910686534644,197.5540334578115,6.843410126959385
0.3603562014596787,144.08213719946127,5.3661658578054
0.4172082803729979,117.48367605748682,14.25193716646042
0.2092021596965868,126.0970830011744,14.701899213555217
0.23901097141016497,184.78170805356808,12.405168067036687
0.44974776964602603,107.18614086628138,9.726832141979322
0.2697083443712125,165.7517100233199,14.081832808811418
0.3521832501926013,183.47345486769018,13.832113357862454
0.3040102281066089,141.78594809955814,9.75380207234998
0.2402495035261703,118.57808566417364,12.481498893321124
0.4798877600766056,151.34000572114877,8.359949007626533
0.1676823321964114,164.0701202591069,6.765591519849249
0.4205517473615101,143.73376920281584,8.342326981844591
0.36738779411032296,187.47996780899263,13.191998047407678
0.48094061295188173,167.75436663101004,13.830328627651927
0.2754466327249059,172.8793222257957,13.694361001871279
0.14238526642221816,174.08858370881063,12.983802744631141
0.25582411632185925,132.15642778353305,14.828749435508172
0.36388561387376367,130.67185424330768,6.872905075268339
0.3946461148748914,109.46426787017379,6.2092632297498795
0.3572577493161798,152.22272470217632,5.447192025156697
0.3220103986865058,193.39081121624272,11.3654442289596
0.42650286678039034,190.445982816653,9.759884763982797
0.3977423344393612,158.22024070614577,13.819081009824913
0.35249905829570244,180.98490002923606,12.047918530241752
0.21013035220560744,144.05778772410628,13.551054719497053
0.2916411688612796,137.33824522855153,14.4190241964578
0.32142021570730167,182.50861836113393,8.364101416199077
0.2091334156549364,139.59666163720257,6.4339462170401704
0.39931651981120064,165.45815272310986,11.859835402282204
0.1700308528622761,199.75189079515644,12.982655730616191
0.4940610467582429,113.34206468581831,7.637358371871881
0.4444739929399029,156.7593958120944,6.545165358704485
0.4458537353660931,167.64250789061538,12.850412970267175
0.20704963488154687,121.2069988460269,14.662079324877418
0.15098516013611735,148.31504388849197,8.512287674234523
0.44454290108614947,120.9496421350187,7.744764409860875
0.17812637580425755,114.29389523489345,7.319334767658123
