0.33154921346546584,170.81478226181048,7.9090473891294435
0.31656035194912363,189.29469543476546,13.96293088933438
0.1720944914239386,120.72428781381868,5.514672033008299
0.2903036913689887,102.9876210878567,9.568332243947111
0.3684290178555353,127.84872826479753,11.762549019801313
0.34657355653113153,102.39818823771654,10.58854087990882
0.22221966759029954,141.51011970100697,7.835250817713187
0.3849267193673736,144.04537176707396,6.568677384749632
0.3292433817619418,178.0314764511367,8.063635323761797
0.20823420647456803,138.79712575556488,14.363836498604304
0.4909982834273502,167.23836759128136,14.02834108538398
0.44215657673494224,137.79940413288892,5.922170088717243
0.3700290884463261,155.7840762388451,8.61564763062578
0.20939543931493698,140.65199163762486,9.68940248699169
0.22596334184414796,129.17927742254327,9.576863993229779
0.44770021735509746,158.62529044678215,7.834878624322098
0.2292415649838505,145.46220755219468,7.054103446049876
0.20051701664115243,151.4035059817442,5.872293687808047
0.30634457463184495,136.21762123878335,12.076866218156711
0.40502983366325174,169.10929218557644,11.89180413754914
0.2651000465558481,166.81348047352674,8.39848663956818
0.33979770120082814,132.58071580648743,9.45145049263532
0.1480733490612272,124.26754221843382,14.716026061735676
0.21146907663315273,169.14775109473302,11.504768582137395
0.3964771772890558,147.50886106344313,10.966637746018629
0.15011353397480987,107.25621378222334,6.989760262970783
0.18194787387820288,110.01043445814447,6.292938646088542
0.33247914942787005,118.78148249238782,14.521012430312082
0.38060441705278497,154.10196733597712,12.071806008078976
0.22395750160719252,192.6725684253728,13.391930577999707
0.39736981191051396,148.023995608541,13.421031858766469
0.4042821212841347,166.03259063996126,14.139752670059378
0.36262458642034057,136.59405848526094,10.528445731504455
0.1986427162625513,119.20722963936032,12.256696239328209
0.41935126378667414,197.20983636837659,13.509714170415016
0.3288478724734335,108.97908695230649,9.888732446161129
0.4729761303357971,178.76181995034761,9.850942260540881
0.2957297605553324,121.79857684093535,6.772133808018236
0.15260887595725908,189.23931875870926,11.401766168990589
0.17874961905174552,141.41269197162075,5.491089243978736
0.20351500607088635,173.07081241290382,11.511227704415994
0.30461686151636663,127.47805054956393,11.522231250661847
0.48366856674401765,143.55205561751927,5.701325050876703
0.14664930793361283,108.28710187975574,14.597071872532212
0.3277853135699352,183.74624326697224,6.700335442371347
0.22262940227334319,169.19775118728427,13.955703281419837
0.2527581816725598,106.46731979902833,13.641196694106437
0.2340771671860535,174.10824063995625,6.58033654701494
0.38561128817782847,184.1419619031148,12.271520787467093
0.2596653218238093,172.6689751490198,6.394671241824604
0.24268216821245825,141.95827566829445,13.77212038944317
0.18265257821417863,188.01247902493157,12.989643192208039
0.48935911140424276,136.77029833034604,7.049397689077791
0.21521387012547463,182.7862801421421,14.652281485939154
0.3870537493926588,148.249704177383,7.870497646811328
0.43763295662868484,187.2179508399426,5.9213159180059165
0.20598105163241626,183.17610904578663,13.483038970794961
0.24299487453649898,127.92945968468564,9.3081502201846
0.32729243759925003,109.55668150066136,13.36912138713615
0.32552557638174534,177.49678150409235,7.308362655763268
0.48698500666488714,175.10273073183794,8.430938643919614
0.480697867609983,170.05117789662728,13.40561085486237
0.14206148969595084,105.56415410516881,12.427372735496288
0.23925741235564701,151.67843658432452,6.562624236712735
0.49173215362136924,150.27510476744195,13.290010784747254
0.15276417360499867,147.89154522178382,5.622794804057759
0.45659053665790145,144.58101787129587,5.685499182618368
0.1536861058684839,153.879265800317,5.755664045052308
0.19391461925466602,143.6357084166514,9.977828310184574
0.34374196821565906,162.05126814049072,8.728114996426685
0.35702621861771744,115.72446583851362,7.755084754336936
0.4245193514736164,115.30893007265162,7.233229728857368
0.21611681738523314,147.95073048230668,5.007455220418979
0.13636676019592495,146.15481516478056,6.625206848665193
0.3798131764149819,179.52045871766384,10.781633587377101
0.38553686643995216,139.09580157338786,5.462962029929484
0.28978307473611853,137.19803122094396,10.9700324220033
0.1753318136371374,122.7712896721836,13.147824165272798
0.22412207249007993,141.03202049071632,14.359721764957815
0.22833217363282046,114.52899588535638,12.020201293314523
0.337649956415478,161.1593835546597,5.420308509935737
0.28147508553396006,100.42664341671595,7.465354688608895
0.38977106884400237,106.15407159206998,7.946934986032799
0.4955422823045668,197.12222302269754,9.81846388679705
0.4008850199480922,163.2655774186139,9.656930714437367
0.44639991224049486,117.2518252166179,13.284319222441106
0.14077607129686925,186.69536918127983,11.759965874682479
0.2922177912165757,167.1570247634277,9.603685038892419
0.41750120839196947,111.34440838641173,10.081574288486053
0.4518085774789523,192.75292758120224,7.203363315483127
0.2194738634579821,190.40124716089886,8.455173387151284
0.14632721526826836,171.48866721120328,9.144188591533577
0.400746570310679,147.70916334433693,10.00565554436432
0.28158571640322105,129.04848960351515,14.00710867387351
0.3757953417444152,178.88323433429673,13.957395310931172
0.21882085339601004,191.98206139724226,13.626050872585582
0.3147819732968699,156.79021741440306,6.149322380367785
0.4107934402091632,117.32250071843237,10.338360410059096
0.1724139894607697,107.29170935821573,11.090274437605645
0.30920117360588,167.48099347392727,12.908541830542843
0.4935078097420873,108.40806810766813,11.312121124335803
0.34136558576804293,165.0642176791703,10.431794548143797
0.3340127703238256,186.85546336404886,9.520116163715752
0.3256158419863855,169.09637037652652,5.894949913951089
0.28697199458274114,110.21342207044883,6.378098929110333
0.12579708442471588,120.97064361616212,7.166372624382342
0.3185916804629161,157.0208238490243,13.239611805032471
0.3075166958086839,189.14545989217916,8.950607897751658
0.40422929265666596,155.27572624173823,11.238250857723262
0.22639699883124223,193.7595007939789,12.69654715357898
0.17959813590121498,153.74343699445734,14.957863055555855
0.14339612468942436,130.28198379176135,12.408133713521663
0.13976054286973055,174.66710909922583,10.73421279983761
0.39938962833577496,155.08325958766332,14.394034783011588
0.2549006385876014,157.4469459936228,5.507799790022762
0.3325373128078838,141.9392943647937,14.831617877902016
0.47960274456389174,113.82794148581004,5.416156415309622
0.1702531501508402,119.27469677198202,12.261679943105523
0.32899173257702136,153.49253345352815,9.645369794625369
0.1275103318930686,139.24719135444667,14.989384412596936
0.4326092020294803,157.28607109397055,6.964629606952791
0.47017603419100773,142.41472474044633,11.193272730794828
0.2011653712779407,132.80657438021117,8.449534629345958
0.27303195140073533,102.22318865571881,11.603470521951984
0.18874625674918408,160.33002632532816,11.19580346534807
0.3867142799121288,129.1931186046336,7.920319865643462
0.40832355383856356,138.82241952684342,6.524632609580754
0.46447433798008037,101.30828099521815,13.864844076557823
0.23459629098203225,138.18250401120594,14.784051523960557
0.2887534030400608,171.58819787418662,9.12382766932221
0.4675759295634909,171.94904992103375,9.80691788435388
0.15658311836904504,136.363386782871,9.9060670234726
0.2314490687942689,153.46405094196484,7.096510681816579
0.31037359082817173,152.8005195157109,11.73359640604116
0.40451219190574805,172.99737420255724,9.241159002885487
0.2959821241650856,187.35071014697922,8.627879225706401
0.40176231160911324,199.40672316900103,14.24808383536962
0.3309638254221605,130.51113868746359,11.223126358508502
0.38161312558670557,152.69622549162938,8.414766308233446
0.2957849642522731,108.17907430151804,7.912822049989271
0.17933628311946034,166.64807308214844,14.592341415383292
0.18396300614960506,102.82940718516271,12.413571692162776
0.2578116836628874,150.59662766343212,5.610480751785413
0.191661855026793,169.55062919408152,11.052106196172057
0.4450292084070873,196.29232135382688,8.596150991052394
0.35759318999781103,144.76774122132568,10.055969626996006
0.2718131594711415,197.73942269486253,11.236378174584212
0.1782070353097479,169.7728441436669,14.657562573345933
0.460568519994885,155.80040833678163,5.147147837486008
0.42707987441305134,193.186134000114,12.339289820416447
0.285857422734391,138.08411083861844,12.446047636550478
0.16544416143119867,178.46958472759002,9.98805218379999
0.15129462992257425,182.30452141286818,8.917074773200834
0.1650368508800603,117.37984442081253,13.594326157894795
0.18977817481113243,178.42504655176947,13.041161003167073
0.15744430461406264,143.53865779756862,12.871589734099937
0.30877283045251425,186.6015818729108,8.79721250025667
0.3606179070579087,121.35202649884438,13.422563841138714
0.43975898240003053,156.58343345575932,8.230884466178491
0.25533807159262206,159.46827420377713,6.284090766353647
0.31642731484419206,129.54262709791325,8.415783542753537
0.24568964383325564,183.45371836146808,6.755006123776013
0.21366783808050582,116.44749218511141,5.151007732373241
0.2846017736951119,184.39474921066008,14.02749257403701
0.3077621232107658,142.13763586617813,13.681672310007869
0.323185541446689,154.86671749070396,11.493119180601509
0.15485477401042036,183.85055768149934,6.057430419104445
0.324620579951785,192.6009542416818,10.487068129726769
0.2533279413631511,172.66308676645733,14.010145503204418
0.3560882622544465,105.58861427251664,13.788085984207584
0.13174154426140686,167.82392370591526,14.00046023098205
0.18404208643687694,152.81651298000705,12.05054589747599
0.19081686115520263,124.5197584551525,5.665699889512533
0.1846259406899144,111.81620694478417,7.9064243241740675
0.4064650320796175,169.36844710980023,12.626024216717866
0.3723739787949463,179.42341975082616,6.48956311880096
0.33286759766770874,102.14597529265953,9.916638972365904
0.4412813176661325,147.2287123276827,7.955859767010481
0.22799562543778562,139.35414448746883,14.138230001332655
0.4903610240065371,174.83830444491696,14.87510073235055
0.41083939978597045,128.42401814071405,9.350820416535083
0.3961809350266565,170.93400184719206,11.78125049873461
0.30795803857132387,114.31321285951599,14.596385726208482
0.20754621569867854,197.9384344847124,6.2742374843074
0.49262586279412246,137.61161338092126,13.109366108973784
0.12773454598713424,144.50007924350507,7.489417727098102
0.385446950804326,166.302674899863,9.619182500668892
0.3899884485311882,197.82616140438532,5.932475790779428
0.33600352146920176,167.59610499650063,11.332185801981401
0.22334461512885118,187.4953794647284,7.455311584240746
0.4418605796714146,147.0728615601914,6.430925203445469
0.43404860180973726,107.81823010965364,12.949896289467535
0.350004581621755,187.66595010502235,13.032045170685091
0.2757390317452645,113.51921531465175,7.661914967961447
0.12549595034587474,165.34032480159254,5.855124012804938
0.19223321636503918,124.4976527582562,9.061024823971142
0.3825499804846478,144.4467564466396,10.03770565860274
0.15995292397871405,133.8177401103312,7.0666854475930485
0.4021765807188212,101.76526146730997,11.167959417168383
0.38670759712611547,150.464301712165,5.444775006547818
0.21915970143720828,123.78256220072197,7.677671825100903
0.22369622241856874,197.2715486653554,12.911612519170003
0.45909152435719236,171.3502895012585,8.466617383607922
0.47819503338553626,148.44551495468218,6.854349398448947
0.39856220735727343,125.93050949061589,13.227854123431952
0.4026795933243808,129.0200315924647,9.596428553567105
0.3931614956403588,166.80154645137594,10.265784641906807
0.20530359589247285,132.43929978084114,11.947930844864725
0.2963686560071832,171.7860151360384,11.841160200025318
0.2583693763788154,109.90981571545447,11.807863684161898
0.2583437551268718,156.4964805706607,6.249951765383315
0.179757965225105,142.38390355256305,11.69378835226351
0.16904925491507772,177.44471841378765,13.513640788626324
0.3772335798619519,174.96090292309123,7.384802790381269
0.16260012861708945,132.9129658481034,6.255417840714944
0.2811837108770642,176.1124350609674,7.810970701804802
0.44594167992276623,145.29846772259924,6.619052189250722
0.36585500631233336,143.85240894847968,8.30229518951592
0.318644473653669,199.10724318994124,12.518830936100926
0.23508422925727204,192.74398118743477,6.841657381682397
0.2780532756316438,137.25944582308142,14.856966947199297
0.12669438806849959,164.92655926023525,10.086612717802836
0.18347540959146674,164.16781383732678,13.078581768389414
0.4126181196334342,107.76254149007735,12.950994324051095
0.25471523671079654,185.25967635785668,10.620952938330595
0.15497465184790393,174.47506190695955,10.635943825384881
0.29428526934492144,163.84584277378593,9.437080645563032
0.13884698842374327,191.27044824104826,7.878053677966125
0.22975402234849768,104.97241629336531,12.173953010068542
0.4660452998695992,146.2954255643391,13.141242259917894
0.24830570345282504,138.47352327382043,7.917237943615174
0.23560194602614465,156.12891391385355,8.259415651653457
0.14967353994919894,169.02682099072985,8.086376902434967
0.2721069510823568,118.62931911713935,5.493647334186573
0.37035613503968234,142.32120635677953,14.323904036222126
0.132096627960671,182.48959289720017,5.185391837682788
0.18986270247745016,101.38360823854818,10.093840685734886
0.25763924091205626,131.83485917500187,14.743914019097108
0.34176783815963574,192.63432508150476,13.889595914459145
0.2523376710822653,165.35457469448826,6.9505375225967105
0.26206182575133774,168.47859630292618,10.688210742839749
0.15685690371315342,107.81392888659066,12.71001947115883
0.38789807522296565,164.8575796080003,7.208203894500334
0.41893187856837644,157.69409692953502,6.4711294444655385
0.18731488724130693,162.08021958319267,14.782732765676915
0.344776828694645,129.51671551003517,12.16102857554306
0.20120520285420074,164.13689951541642,9.13904175328241
0.1365508562476954,151.6399139554647,10.075106323224588
0.4669713789096513,171.08686857260233,8.038316976171679
0.3669321663513959,125.0001844087065,11.541501924773943
0.35054052755507253,161.44858699186733,6.611260249100981
0.39150662847436896,153.77235130151826,12.423049283129755
0.1417514515091423,173.30136921003617,14.502617045815747
0.344619110857251,114.01489047303917,14.237733178414768
0.3333873471114356,127.74162557304604,11.221404438843834
0.4470848889984067,110.8298784163536,10.596629192924848
0.36227626765637333,192.6117632517687,5.381878826522017
0.3152870183323499,173.26242136762005,11.596926132875758
0.44803280172669213,165.6436295166813,11.316294376339586
0.35371363127440314,116.46876554931524,13.546804617792358
0.3184465518962366,102.13510972972973,13.204654915853851
0.3832030453244613,165.74060450582823,5.517625181777335
0.38954260760834164,133.80141147970716,13.144758627220973
0.1835207612720482,133.54337183347056,6.031057135311145
0.13188354067469765,132.35662894962707,11.993795023129795
0.28241724825530745,129.7943123740607,14.362525834671926
0.39751269675133477,197.16256349189393,8.029459471766398
0.1977591883947223,196.83566278604508,5.79450297293449
0.41955967211828205,194.72829243018833,12.18068513411407
0.34041617258829504,136.89534749824008,7.955250940382804
0.15016101925510056,137.88741936987722,10.029234253135812
0.21830221888663953,196.96163713434106,14.9854660751181
0.2335554100381809,160.02520561830417,13.82786033805002
0.3438911283385503,135.18651082223,13.4587001383508
0.3232727920476971,161.9272119797398,12.569408525569767
0.23310489559476588,168.6192601069884,7.665311007569255
0.3696720048623039,125.66087578359347,12.96240647846463
0.2552460019455941,196.04254082569398,6.733811033815702
0.3928726798220544,185.49742069496756,13.712571625485086
0.32000944762465566,154.9361114281272,7.9421090352753065
0.44623569485647124,176.22821674545412,10.133644204854349
0.31361838561234195,191.94595768301082,10.608895424808313
0.16019258061738056,110.81743031068622,12.666165146222465
0.32218671291991846,155.6361268529826,9.329216950118223
0.1335118934564536,180.32371632307792,8.815417068185761
0.29907262911467836,144.07099093455875,6.337040842291291
0.48620633225237386,195.9413652963433,5.0977486316364375
0.14546255277009953,138.61767211258615,14.817819768753036
0.3056741196556397,192.26627027907205,8.416970707347836
0.3107497738050697,182.88087316655987,11.586184616708387
0.23995741421820846,145.66466711798046,11.241113497876897
0.2753317767098447,119.82484100887301,7.247540835702243
0.40272242911046124,121.04436572673049,6.854853626662948
0.23271924116578205,198.90484311774412,14.914378990088919
0.30493257870733814,121.80113908587806,9.434052974311257
0.4560997561114004,157.9656677967204,14.005936059457747
0.45512500713186244,181.41665088176143,13.83935464118483
0.31733210486001295,116.88115471224188,12.79481513907102
0.4971367425964892,166.22918737815047,7.4714440412568415
0.47304657544233497,192.37163858069408,14.240885534750106
0.37361847155120975,193.8314875394292,7.3276806035530235
0.3406222911170137,199.34016157544085,14.948754250402406
0.4253729708562909,158.69776472935752,11.276742896099679
0.2721207878245213,122.27170603725351,13.965044076587137
0.3444051916822334,135.8838548410717,8.273027035441206
0.1896701830088352,118.50473790337128,11.676456269005246
0.23237944642564043,131.6863280286285,13.45088864075
0.1600920914327458,194.9136031981821,9.15016523623246
0.43529342617337924,182.39152626753682,11.825184778660095
0.14479644796855573,165.4707055223035,9.465607991973307
0.24141537563554594,151.8881105196075,11.64570191195091
0.2712891370589523,140.8843176518701,7.154075326464905
0.18742903351213303,162.27570505496496,14.747246803642081
0.16178732360018705,165.69418833565226,10.996942391548636
0.4053674587432866,131.9140527540605,7.616234645276924
0.2326688437224273,183.78155785725417,13.488243665381844
0.42978716550518453,127.8605573753082,8.778407038884026
0.23384451051244565,168.63693192599143,7.351115398141669
0.40363834107029717,179.29449499187655,10.3335499370803
0.19044111957778262,126.25253642237506,10.672123977548608
0.40067995159567565,120.08367334543237,11.482104017582852
0.46572489466045386,173.22266047372284,13.884169246131869
0.4845408998212444,127.44824375047648,7.080401449077973
0.46273168991885605,138.95193680834544,6.079126781666968
0.35880676164336567,147.85337936509237,6.9203546596990595
0.46856739714885254,147.98140651407462,14.911769357261571
0.23048865751088266,105.96308136599048,14.076426636515924
0.2360910211161894,192.38036464001846,9.84614552316913
0.38500353220200145,111.62364772176403,7.646061209254126
0.37958108966121096,195.22767462374676,13.200023378804207
0.4641971203492149,177.46912591832546,14.720223188240741
0.21427587922023386,112.23766061305074,7.405202655228118
0.34253070574068634,137.06981694281538,5.351653907348716
0.17176015991774007,128.11856248317798,8.354224570272333
0.24408287086391192,156.5510629994696,11.554340203490021
0.4418054834056057,137.98983452621232,14.379950354704023
0.2679001362764255,142.33452555815384,9.142616423897703
0.4117481191667813,173.77909133784038,9.223454842584086
0.2534899698206532,108.24605997678424,7.538037741608531
0.15332215814997202,133.25955384319175,6.893913807014705
0.36717744191337087,174.6267723819629,9.88512535479748
0.3059517994162974,134.45593591477638,14.591301017946499
0.49751253466925105,164.23081719724456,13.462098191060601
0.2658687148678787,158.78350049656103,8.693552303465186
0.4808882595934965,160.77467613004632,13.941120143891318
0.3567551056570617,108.47695273696645,8.083100991236666
0.3474172016725088,191.56078392945722,11.567488650297246
0.2578709713777686,165.78651141024085,11.326019519544657
0.4895216967209675,160.73268957385795,5.080739251921162
0.4951618112160984,114.57240154854836,8.610534230824152
0.48674515532381113,167.235338063359,11.82400812658577
0.28772369160392053,140.06980412599393,8.031955073399724
0.4104681957236246,136.41620164907658,6.240556616979856
0.20117454483835823,114.39063703588255,13.976623397169018
0.2254722210712688,123.11957720670557,11.550774804664746
0.23779182088292952,180.38311941461154,11.868622164641778
0.346050677735187,147.6408325955449,8.76466241147723
0.2903658404652845,170.70023905051275,5.5901608418846855
0.21181433773268613,169.95946812667063,12.088495837042297
0.33959540387834974,126.14950970044634,7.254830326925376
0.32503981286840944,126.36649528374677,12.394483095164585
0.4128856729043731,171.93674148920138,11.291319095530454
0.4600117892638112,155.26163463246735,7.820513425842979
0.21416172295573344,110.00893942718797,11.177535273781936
0.4119497014972337,161.0261505391993,6.324069298734321
0.3879326628573767,173.91569151320638,8.688973433704845
0.33024711670296325,107.7099995199776,10.985810548045768
0.13199184770501327,134.81434623401012,13.090070312245047
0.3607915253302383,137.4889989047093,14.138014072107937
0.36018492458497353,192.9675131607319,9.892926521728441
0.3703435950733756,164.27808599044712,5.5180089058333035
0.17739244884748018,112.42301956118327,7.082064274129772
0.4952834143632052,167.17724436294134,12.210335900317268
0.470483470572162,118.17311941321559,12.532923069723193
0.32127270082508197,137.9152670324391,12.459924368364838
0.4245777429457792,159.5695773519103,11.86336890925038
0.4442799661308977,136.1516235001885,13.358234866850186
0.3039791008397277,191.46388877632,12.175891482721317
0.3555506925380384,197.9645717265102,10.110024199996584
0.20555986487337363,152.76506939667402,8.737702732413233
0.48849971483039645,117.81254917938583,11.229524573877821
0.3347975488405749,112.35594231948072,11.965362585355717
0.34241677579550633,143.48930621653386,14.528439748624248
0.16587888713415547,163.08399420166168,7.916155869716435
0.3113935729518948,136.78448778567915,11.862459094772898
0.45921768615290925,107.8898646586352,9.787891994948849
0.4005419726587655,128.89552069003702,8.361688470885873
0.47919819892737187,111.04804987833626,10.869352333128823
0.38787024966254346,166.29434500415482,5.659003771620947
0.48449660714031645,102.30678666832567,5.3207629261743
0.3333368970461549,107.52590051632438,8.210379196872593
0.42210667969765603,155.98554504914816,10.806157654466055
0.4689684252755627,110.47141982720306,14.884488331945642
0.3655980929647013,168.77527070410355,5.159552994188869
0.4516858107487571,139.42468857256395,8.980173251685361
0.36359613699611987,139.73982130824805,14.401345913863455
0.4687551868936408,137.2975252028686,7.260538861953183
0.27748663300089876,199.27944775870327,8.048960825039432
0.31093102003125456,119.84975915353445,9.828192516659408
0.4822008078518581,140.16830220125976,5.128420915315805
0.356383108733274,178.44312335951528,8.461612943332307
0.16349192309793253,136.12270728476594,12.880882362125696
0.3010741062179688,102.01444580533379,11.986054211991377
0.22460748020097343,154.92183989017127,9.257513645439998
0.19862999281109603,139.48438414715616,7.674288551442614
0.32688583350439804,114.97545761544792,14.976496239068279
0.435861594297559,172.84947896325974,7.509106976446698
0.48245156342562034,197.3433997330688,6.175829603224078
0.21950311445064807,113.27522336002639,7.940404615268245
0.4217459434863218,198.40466966640693,10.313338878352358
0.28310005657725973,174.31060240667938,13.626644823119836
0.31666660119652,148.99770456891,9.047211128315578
0.29007488870433323,143.7939528843489,6.157445771961635
0.4754476756213859,152.0373839142148,11.887118079038592
0.2953790374030085,178.05596852968773,7.231355756105487
0.4424892748664571,195.86179562978433,6.304487306953355
0.28900778328190563,104.093079514451,12.756884738202743
0.32115301152036174,103.226744264157,14.06226965282374
0.47153101409110965,128.02455686406043,12.402960625569506
0.15268822786225522,165.45240936751352,8.14362965917562
0.13420487985462698,130.45213508216005,10.371204260353405
0.13792566982155324,187.90437485284423,9.175619943559827
0.3168614088316545,196.6950092245351,14.2925426437704
0.3945229335318009,172.62154741073027,13.375852778836414
0.36297801008694824,160.68935762829472,13.691862887818868
0.17256418716986574,198.11857613816434,7.518734717302699
0.2125794347103946,162.37810625729622,10.56920214414325
0.32985320016582736,187.13343117669592,5.0575161779703635
0.1820070834547667,119.39607264638474,10.526940985464474
0.26028988524080243,164.7141913584644,9.18939314855317
0.13459429640855072,179.01802408370136,10.031451971089158
0.27214146671328804,128.04751735583883,13.680594296922969
0.35962040021961955,109.89576713474166,8.966152106180683
0.49625602550577064,125.30341134327486,6.204191316353888
0.1507220539690955,106.90268665098785,5.386853899088793
0.30027632488266726,190.59041571347728,14.475434977498407
0.4647741597058256,138.2333177029998,11.867003352298253
0.14751060680102251,177.10915562832201,7.756572268577901
0.37130750685599123,128.89793223424576,9.881501192225786
0.29773741176676793,161.05269848362065,8.266664724415678
0.19519178881261984,156.4017241412899,12.70560681948336
0.26887728959408674,195.95140329203818,9.437516903710328
0.27076899327043524,138.85948810696476,14.621201529014035
0.23570268732944738,162.14552229249367,10.29471970395564
0.493352639712453,104.50992616532125,14.803633960195931
0.2564561121343661,180.44833046107448,7.016204514118933
0.3924923674683677,133.20794833627454,6.8965559606487625
0.1914555782246714,117.35358286948463,14.107039280238027
0.2965079660511126,131.5103507448228,13.131076636643593
0.3262440110462357,167.1948828665158,7.82089041282791
0.1977681452511179,114.25634678064877,8.391379761398769
0.27839365805833427,164.15042787945288,8.884481309618792
0.2686644493108246,119.8751540122014,8.944958574833592
0.3319453272705121,113.6821094569665,12.55894001975787
0.4686045356659444,156.8950539233206,8.092298144537802
0.48919955332365656,112.35502644277537,6.90952099194507
0.41334167005467765,180.94698280443157,8.735975910278652
0.16056599943954902,163.87168133792198,8.43466174247082
0.44466018748934955,106.44494506772867,10.349942660169003
0.1879984244732218,194.67972913410748,14.73087040584615
0.3448142647980616,169.35389309981218,13.798904531341229
0.4635845607888765,111.77007581304939,8.322119742422021
0.42191946435352257,127.4426224918003,9.246897823178854
0.49363625648773807,147.43926883169036,10.754038271966573
0.20929348599015196,114.72230477429629,14.053426062908942
0.4133504197846788,113.27104514253001,14.314082839610737
0.4609759869116923,132.8522034762252,13.801132759129596
0.17528067576179543,124.83986611146794,13.800815357637552
0.3225118949786669,141.17323634226406,8.007269104227248
0.20649799952822212,117.73744087160757,9.513492537950686
0.31259098498154025,108.56533711572193,12.341111481733218
0.15886323603363622,114.06708563616141,13.899937881072127
0.2655765778796545,112.98005615914893,8.924035486343694
0.18875011067579692,111.95784672416215,14.828021236815898
0.15689579065267636,174.40417135338447,9.503456404795426
0.21122067469763514,187.99711531665403,10.211930578735451
0.14262127952041576,138.25761737279439,11.134701918691674
0.2844182894266678,129.85257379267466,8.281350874214521
0.23854574788794286,147.56557541353112,14.974543041737537
0.4701560059106135,153.92012004384918,13.883961705445627
0.1856992176385779,162.99800682843664,13.144895016907247
0.2234648334399589,156.00934683170823,10.180073931473435
0.16522851045072134,197.2315560687552,8.700510403578022
0.337941190328721,102.31352620775522,10.198405351160327
0.2912157469320006,187.74237126929984,5.676214907178149
0.45589974866076954,119.25995006134153,13.432659389221968
0.41156593807600633,160.33209968697457,8.580514918281793
0.29544182231631405,167.05662711597017,8.763647084889854
0.14927365802371778,170.59283750418825,12.105124787858172
0.231709872957961,121.595871940437,13.990339294787399
0.2562888285092928,107.28419321679614,13.666567878641832
0.21375460963268605,139.29250344823544,10.649867119676186
0.30200360849574837,121.90973804351783,7.373622602484637
0.3141740654537063,112.89184328153623,14.003659121559695
0.22354445374982723,114.89222735477715,6.829542164627442
0.19835140448734692,191.2966761683896,9.302050923253123
0.40821886027735677,182.51374923978446,5.90736229907943
0.356581031369431,182.13561557590913,7.295393224131388
0.4749830687326396,153.51894822686333,10.17586490119839
0.49779000525405814,118.12107492424715,14.301114097866781
0.21948236638589563,156.03917503991346,5.76605421304485
0.2598673504852455,124.68868260283055,12.763920084242379
0.4960057903296679,115.13313565743036,5.610870801670121
0.3730097647133018,197.84893211100282,14.632641333949532
0.44850608816965504,172.95827730380083,10.792919460504994
0.13085882085101722,193.35008799703195,10.696290447972427
0.30095438948472664,101.98345012268406,6.74223492222799
0.25394236010849675,196.27212371281001,11.386481260192106
0.3882308895269184,138.16755195185385,12.39155984097985
0.20309547881785772,128.1750446177025,10.369073390009685
0.18961303091059772,187.9946285261388,7.480547256670798
0.3066981312894901,193.34017377971605,8.67241209106207
0.3405340649654812,168.70282206524377,9.35176185537306
0.22165057433933086,152.15976722811098,12.994714625555968
0.2789241516287788,168.80635023289796,7.526511044992805
0.27120080174496775,194.17526089514018,5.673642725021812
0.4678674666470908,105.23598752591388,13.115952988794959
0.26646587511336445,170.11857675946007,7.309446715138411
0.1914783143945618,108.96634956572571,5.078105721290655
0.2651527085261838,104.17311296194454,7.823749806615332
0.4532167895651912,170.0521976620803,9.189279337419975
0.13305177184221212,104.88526671581732,14.926688244473835
0.289843013125971,159.34883526686082,12.396320454728922
0.3548669674238253,175.1908276224628,10.607491338160642
0.31027408024708913,145.34222280364702,13.881503672357304
0.4943075282345029,138.2175255348278,7.06524900564292
0.4723722241095524,128.73434594232504,12.186376821588611
0.21351074452138857,159.53764273157464,8.16999068750652
0.14096857935608362,102.15067181082075,8.015833427439837
0.29872929790033576,144.02307888188707,9.408875543741742
0.3136757031365209,113.0869351395485,11.505061550870483
0.41362693628466407,144.10159133151558,9.647067596194189
0.17169336914684058,103.26477158438473,7.459557910723557
0.2867127268430095,111.0474043232959,8.569263589647107
0.30177355071815853,153.78265286765387,12.334685695815178
0.3219486673514927,117.60050565159273,8.082238227246133
0.28879076973800666,154.32978312005625,9.21529724528338
0.2726258513436409,191.14504507307572,11.68088886455283
0.4726413071654581,117.2441618639196,11.702658474254951
0.304179350260642,132.0174733652488,5.514689807900238
0.45821483877990765,100.65893603658068,13.26158336923752
0.2636574329136488,185.3279947523754,5.337279290645146
0.14191307176833257,139.92860335422358,11.139015936993871
0.3693669309256393,128.78111770333328,11.383570548714474
0.2766376610709358,117.1423873128476,6.266960034363879
0.2172209135470144,189.2528842040412,7.790339733812138
0.3325663403265732,113.8065933205051,14.845403808309886
0.46071143703836537,116.8226400862793,7.175971699553873
0.4552101745487468,129.43926343520002,6.004881802146031
0.34927759080033877,114.8382548395785,5.731309281186148
0.36277730174834,197.16550501560948,6.8885102520704855
0.4456048680676824,162.99809668992356,13.636818871639342
0.24932467358633653,134.89530769914256,10.708530377368776
0.20868282846930608,130.41785716027653,6.246775558017395
0.4415703049968844,147.33684776053403,6.434766057751986
0.46648707602185935,121.75756009988513,5.442707768499352
0.3091358095951,165.18811773773066,10.452819530844796
0.3750321669489909,142.01389503062336,13.31820927082674
0.355135874928583,120.25007649491592,13.896827616624975
0.15463142523618467,136.29322436998513,11.124444919353357
0.4894026107779702,135.43230129766468,7.021112592058708
0.3731179742961395,181.76776724464236,8.064936598783977
0.31700245889746825,171.95722057915233,10.658842446415854
0.4568847485730327,119.06696546318855,13.396310024318062
0.15473566633929395,133.10206556115938,13.662981523252801
0.3244644506671389,192.80764738944663,11.224852191064489
0.42274252413406405,123.44296519942064,9.900813114506331
0.30427407658195327,129.46521996046957,9.616094907894297
0.37036291815630945,193.0567184448313,10.379284849485284
0.16223678942150066,138.34744638281128,8.0623292346984
0.22178854089552727,144.10997626004686,8.160449684288013
0.4199622899623294,144.2664809626073,13.788579251104377
0.23837115260793867,198.1319870712,6.252464347078828
0.3590816822080619,112.42561998814593,7.2472642800228915
0.4262486608605847,155.0760340436386,8.699698231660602
0.14791535133433836,187.19222997428494,11.544069693484834
0.1399903843757058,136.32254579314454,10.037094321970722
0.14058790184701003,108.67056235897601,11.441578821740594
0.4592195408370242,134.0302594445808,5.404197554021586
0.30443788227050683,177.54968493616582,12.737607283955116
0.42502916492205134,177.5295407921057,12.175122853610816
0.15386045596159903,167.54846797867918,14.531474004708056
0.3115762140740543,126.93202981167889,13.716809169210608
0.41150429061974886,155.3124847591214,5.140244384002351
0.28236747724902617,140.2886532678947,12.36716372934566
0.48334923907072347,149.5824223968803,9.458470150695995
0.3454197260187146,158.14586241819782,11.635628694587023
0.20632671045028084,142.30735729882886,13.19198751983969
0.33766498847402865,140.7376906705132,6.556934948971089
0.19471100000847374,107.19261663664375,14.066627940459908
0.3350991274624998,171.8603565590625,11.935135360946141
0.3507652791522634,111.08831139814889,9.426871763155535
0.24111458182359458,100.36072539522785,10.079382555841896
0.4722813416409799,196.1673507719943,6.219272958945657
0.41906981131356724,102.43776394847278,6.431592930252139
0.17912019679084987,128.32212638251582,5.255662172568919
0.2030858435249029,107.44381651227212,12.00782292646506
0.44806826519193693,153.2635420896873,5.651748828440601
0.21207942244894318,109.74546890049668,14.815807858492935
0.3092089770385087,117.0508158810498,10.653030397274588
0.21982291311060417,161.89871622094458,9.627950296116856
0.3561872512198399,180.9614177198713,9.96217688558628
0.1855384690599774,145.70507036543583,10.690546247682693
0.20271286011795572,184.72613056661947,11.815091067447895
0.17149253060937997,177.3292733493302,12.539200222482176
0.34567450825409274,151.58708802584565,9.96687566426881
0.1611594488893362,104.44945224835406,13.043170297646004
0.2797417100350556,156.92075185241856,11.396091798743866
0.45539904311793766,167.26508941451385,9.494813455220235
0.3225703287430855,123.4706977409252,13.684440933405888
0.3520679095407728,106.59875968379139,12.518712101274295
0.49730204539857903,192.5605481407846,11.748703827035662
0.36171585608270357,199.170595584328,12.987594898506696
0.25958631886385053,186.75382336831973,14.401091589194575
0.2909782403337894,137.43222808703092,10.36216232503943
0.18253856902314725,182.703451152149,7.088637889600864
0.40338456893821656,135.51504241263942,7.713951081312798
0.43878007225223997,197.95927343023047,8.476210646960617
0.4726982625397095,118.87686299748901,9.01310961064178
0.2598842002749554,161.63329688964444,8.546866929176156
