0.3455490504039778,189.7713727909418,13.91530729474708
0.43093905399038146,103.58895856168533,11.917575817588839
0.26700535325202807,151.85109454480806,11.579514655588131
0.1976938317061056,127.2316402066584,12.186059336011658
0.41862635354712896,185.03276397749954,12.752448939943626
0.13874911490790715,111.66937351328951,12.51280699487701
0.21470683107485355,125.48060139421467,13.576255311697626
0.48116713479286355,156.1686858011158,6.787805198499766
0.4138444749269001,149.23810396145495,11.312530655635452
0.4398117210926397,146.1039396292431,9.979400733073051
0.37977916908246906,165.07859141233303,7.6879523874435405
0.15024675010213165,177.1445138358563,9.809841322996459
0.24845240290011752,151.06410561751517,7.636288286600568
0.24144183126736152,162.68534377163502,10.574498105722824
0.24446733484242575,139.48432208584273,7.579745858651852
0.34334042123195585,116.16287104437873,10.981338197650198
0.4346838414710038,115.63917185109473,12.34300519317053
0.27824128702955836,177.86879043633303,13.039705676110087
0.41977679132256907,159.2287018655813,11.644892028256033
0.3674627325408534,142.5636478964051,10.135683337577433
0.3129716913935365,103.70838109187991,12.08116095181514
0.3576614750813786,177.7808534617243,9.594094656478793
0.267427083013449,129.18922035537213,10.572288624869921
0.15656135063657495,163.1281669144046,14.44570487920368
0.45921407560240196,187.85825797633913,8.447516270069954
0.3886626995157387,152.73376047348847,11.593169555805694
0.22560898762816367,160.7767079418287,5.4815737001462
0.38581273978412267,129.92718776513607,6.656355549063111
0.24959447754623276,116.54377455053304,14.14637981002319
0.2315093772200782,110.7607264840682,6.17001770232701
0.40832134954840515,183.889445819586,5.355370266715083
0.17054141367528003,189.1008055063653,10.15092234242717
0.47165712936074794,158.12426297105083,12.73256387306404
0.2835038353793584,182.54647512641256,8.85404561727487
0.257879735844462,142.80785224578057,8.950651815538873
0.44173614280530715,137.38238091629648,8.715809761859145
0.2809786092528306,142.45444763632227,11.628048428338161
0.19616597210612108,172.2478651112437,7.5366097290227065
0.48600280194667306,113.26612458193375,13.067966973677214
0.25812329389718525,108.46383048006227,12.311687757088201
0.49872532045752793,100.95927707833991,7.375733875405289
0.2982217931425045,176.52588379282804,14.725033143208762
0.4684801242635982,158.7446781049689,9.4437532809698
0.2904034775536869,169.39913714090784,12.266409737095909
0.4005247840505421,138.42205296299164,14.453959114439142
0.4226259743037628,125.78146654630889,11.36486941979685
0.4419276962559665,100.77751486664663,5.770362743230373
0.49603442711732526,179.09650122334028,12.36887380304174
0.44989619215637106,123.07541223479932,6.055022495123522
0.4036007260336014,147.51563432549727,12.596528343154135
0.30724742463444354,127.59337909595236,8.817833671806401
0.37857552444232234,173.6471030694624,14.706046951984515
0.38051101955801164,149.0451998870101,6.284032420909183
0.31393659945149677,140.9669104053296,7.555973757975231
0.35677475984387735,189.50144485863873,11.675023909069079
0.34094500846664055,164.87204821640177,14.610767657277606
0.4491384677341863,178.27287766542156,8.11103320453034
0.22696769766230002,195.73805421790436,10.16442680010545
0.281534572677764,163.8863069035321,11.8952736100259
0.4131824355856837,144.2854587698393,14.513144901190667
0.32479673191987585,131.35613791412936,7.0352206348122
0.4945053569468445,146.7839211440485,12.029292205042402
0.1829765330180272,173.09993864763507,11.605860436085816
0.40116075388311734,190.6689290843437,12.933163136511386
0.2731136491992584,192.21557288295787,5.409453168919224
0.42287829091330376,183.7971649416032,10.419266925445466
0.36138957496299534,197.2483918520694,8.974473212903469
0.3138273799230914,148.00517845414035,12.099187628463056
0.1316180603832327,106.36052343945141,6.169734410332474
0.4365819509081255,130.6237837216589,11.132937810052304
0.3325818164216691,178.71430982780618,13.246692718364532
0.43220471264646493,105.6484157788744,13.903349762907652
0.4819180863581587,122.11191608718633,12.749730475109777
0.2806864115420009,146.36752334600328,11.813970221680027
0.4747919143789191,185.75657031779917,14.582025058884641
0.36260132714376825,106.66108795857502,13.714084461753883
0.2603265648324796,163.94645006330788,14.07399645855037
0.31514351830513965,185.92468041192757,14.968030572772655
0.4994251790791383,129.64234085168107,7.5295970733706294
0.20666634603998335,146.65613693288202,13.766639495709395
0.289441501049506,121.57438391808157,9.933786858838502
0.47188814750059616,111.29458084881864,8.865035105205699
0.2745301333489302,130.7956097599874,5.5496313279827785
0.20431993756633174,193.69531754815472,7.40287370388418
0.13057120043426126,142.60958582863216,11.213697482806605
0.26040471493641276,195.89542693897198,6.519708928486615
0.4817907167918063,147.8582824067425,13.074321540725443
0.3623502398254492,117.93234496590354,5.371594789918966
0.47998124573021883,189.01789401382365,12.31034313750732
0.29702978654730483,141.99958200906917,13.392124823623318
0.3064238698080546,140.24654526672214,8.803763791439955
0.47992315115605017,165.286456681206,6.693392208938658
0.40221173007792593,138.02060938060464,13.067721582617203
0.26472476278085605,120.68853199357672,9.905798359298272
0.19711996660685002,118.42580192597595,8.007509982728122
0.34706273238406626,149.6116152045647,14.16651965848682
0.36757476738043726,113.04642656478725,13.146938873023888
0.2048112670308483,104.17173721581308,8.496091067253364
0.3865002235245233,126.32499628038761,8.198365000196619
0.4842150258327799,198.4033816765513,11.364599554717726
0.4073403568933399,196.22445473420842,13.25061691095495
0.2075904858498488,123.81088491860416,8.107021122616072
0.4926908716300862,163.8820561073021,14.049183913805196
0.1301347756552424,176.67016111647047,5.043981892156331
0.14123301783899284,100.48693056980133,7.069495695838911
0.24855072062040445,195.96450988732843,14.088820039689086
0.344193289884187,181.15052184807973,5.321303238743848
0.4085255054154194,108.42222328073983,6.763476899015104
0.4736697736652936,126.01414911562819,12.95832542680759
0.32359237512552436,170.14355925879312,11.906117634381985
0.30364002380073807,171.88659611902017,7.571453716790035
0.24569972672160606,179.89576136141562,5.507210811719068
0.22390368853181583,120.79763231956183,7.224639098583751
0.37320564982255866,112.30338460745097,8.938671776888008
0.3547245819977356,132.06982284220442,8.157332072687568
0.3523699246546047,183.31989934042264,9.168589909837761
0.14310822328852468,188.46457220487244,13.689834483808376
0.2628227752059363,163.48233550741818,9.54105662532379
0.39192391217909484,112.965913941648,5.874103684908753
0.4837620031327338,187.7038968319115,6.560997354289367
0.1823263622205823,137.5795542215043,6.258012358629176
0.45308125566918345,190.9053773366823,5.5423199167106265
0.4740251810977574,187.7729823266036,13.285432073736473
0.3728726843782623,113.68859797734379,9.073282801964492
0.4778506306554072,131.61555942550478,6.452332568996983
0.18802952691718589,152.84769792591217,5.192465440219824
0.3790124982567424,110.93566126805992,8.729720747187638
0.17563358945984214,166.87849000068604,7.416236398476439
0.3889865027880498,162.82784993699565,8.449323356546634
0.14192527022063184,199.94157098478496,11.42527241627256
0.12763320435362263,174.73796612547517,8.833478764872492
0.14155870028659268,121.28968984268819,13.994107099646808
0.1990507224204119,109.11424964248417,7.104595822976893
0.49738820709867926,162.94405717591584,10.670114539156966
0.3277404178063909,185.73145198815334,10.338024540805097
0.37465824161386446,180.17359997120252,14.518593863174344
0.1392198302405237,126.94605764854808,12.65959508153271
0.34163640648994076,136.94834587513964,11.815831570975652
0.3563482439830168,132.03513840046878,12.261076312455419
0.208898813930942,185.9982554125793,5.279366459919586
0.3577133984749876,165.23387260109848,11.592121191488971
0.4253911386064847,133.70493076889932,5.093994099958311
0.4443437864648285,179.7049029971834,10.125587896537576
0.451625964713732,140.5102054093667,13.442063585816252
0.3971666126388991,162.95796028912469,14.824295236322815
0.49282188456055864,186.7019648953401,8.621738308960712
0.13120136308959146,188.0646698623213,5.411052801251021
0.2552845277826622,127.5654080632134,14.996684757424399
0.20973077679314867,127.94830328564693,8.554736221441548
0.15545826590325523,155.1062163740588,5.700580766932265
0.35471672935260246,106.85246539615927,13.643739248621266
0.4841472063790544,138.08390575450466,11.047039253967915
0.27608299264700004,181.04624212713574,5.992000004502604
0.4868902966341715,186.96916368330184,10.328940618730453
0.3650966695980282,180.5109797810028,9.893110436347712
0.2401562084996115,117.94177404633854,12.339722416126635
0.38546181495030973,152.69651398915605,14.21766615596719
0.22666627974888018,129.61254268705795,7.981854393504271
0.2560254687285052,169.65870976861726,6.315987064580495
0.36648960052833784,169.80756134318995,5.107998499621617
0.20710835233129754,102.6049011332193,7.83607664520121
0.1696958627200738,128.02218922878333,10.870422412905507
0.1355871557800528,103.10615949229022,11.270112312373868
0.3554860235976737,130.0677580125111,8.574236538492677
0.3348485209853928,140.75589632131107,6.235036720252175
0.4927942611523005,192.3031303917585,13.462042131361025
0.13258112668695332,109.23409598738401,5.960045803609404
0.34711967848146963,163.09660271118045,12.632194430154955
0.3969440464009301,174.12079179119536,6.04528668913913
0.33121882972389,171.84511409908797,7.683410691122841
0.22986695277501273,135.62928316407772,9.295707791204409
0.19874813769427796,117.32943119263277,5.591560319753519
0.44901274393861446,149.5223854189375,7.645333863810099
0.13048858961471127,163.58936022534428,8.075041100331852
0.368207282193757,148.74778897848066,14.429711150840077
0.3590874376769892,147.90586809468334,14.995316672961906
0.4179864291380083,107.74807372672423,5.994374621984983
0.301763035534214,173.07523370146816,10.659588048059502
0.19556656144504914,139.69573714091354,6.422811914904367
0.18955981519554566,111.89696849352602,12.731890251083335
0.3794947106160702,145.6811677807413,5.053744357912045
0.3792852242689671,190.3217328296307,14.093610370232172
0.41733038046852977,165.5154791461427,5.140242915892847
0.4352872394389491,181.59440514304038,10.343572545624301
0.44720985177067135,193.66832781133053,7.875074430414443
0.18783202085841844,148.13535713808852,7.626912523121868
0.2512544790313043,165.53125912584017,10.893240344252273
0.2198671880201058,154.33648571474626,8.139816508238127
0.13928698464187528,175.62712630650384,14.693702688129967
0.1494383389344981,122.97787080312133,7.607945760086893
0.45602679095007254,118.3453909168154,5.685742356764941
0.25172036488571575,167.0082516787237,9.291699328064558
0.2664478196091087,118.81734365389582,14.72766959224439
0.32192414532080427,187.85230317829217,11.696890431556024
0.17741207246163068,190.52000326161024,10.061267705930046
0.14437015663266783,153.29516821163665,7.468029825700776
0.4160827451300921,135.04248100800385,6.627847063334007
0.4877613129819226,114.25588678130615,12.268838183976598
0.3947615322857734,189.9506586267533,9.087445491817867
0.1284098794334495,137.5041532942726,7.919665026474052
0.1756895005335477,177.14932558721426,10.69204154828483
0.4997496195037708,102.33468908120827,8.064003443237231
0.47735896026583297,114.07515219788715,11.979178748599978
0.3083006507195556,114.80755897319645,11.260526488016618
0.435925732485881,155.26907400260816,7.075389859909059
0.23049149696521185,177.60098195825384,13.916935771334844
0.4234366702161929,193.61307769816068,7.957600578162706
0.22841127003995543,136.1926607102341,6.067143333264714
0.17818432120411393,150.97580181828658,6.1611693453830965
0.43123735021349574,173.00521870582247,5.6842957913316745
0.3564037663348362,136.1115320638176,12.307853353500205
0.35676133489900697,199.65850720443484,14.221694620080862
0.13516538908406456,154.98195178119772,7.511663000513689
0.3538487737477957,107.44546227449891,8.446995431807736
0.3394755517927316,164.38505005389607,6.4082897053692776
0.23267615316419468,163.1287613439191,6.718627716022456
0.21248842012796482,130.26651994528703,13.780476653346469
0.1309663689866917,168.94190307979352,9.010055404421978
0.44903867143903453,153.78063220971154,5.245734424786992
0.24247947084016136,105.147912321936,6.850744187909848
0.42887917889962746,141.86805883504238,5.014960824921451
0.30700859862122454,184.3400126725306,14.835845389721248
0.14917984963173195,196.52809739226473,10.88487268756456
0.25442137093222533,148.15368349376018,13.5442252846319
0.3755787058887592,176.29009851688664,6.169375478833183
0.17994373722586154,141.49907184949905,9.038383896235212
0.37800857567194024,137.44815649808433,14.685554738772801
0.24173849929386504,104.16577253995348,12.211540713028594
0.4354480921055496,137.99841077974457,12.755860685924944
0.1371601317005183,187.09732246110718,12.911853177260213
0.47753218027907274,195.3558084754059,6.576838705366939
0.19401456414022944,106.46399672236714,14.609081822893032
0.24246473709807576,196.16623415831597,11.797224297929034
0.2396941744341708,113.47321975020674,11.260534811869828
0.44728941926860954,106.20149208775523,6.039195798122439
0.19619875351752825,109.6844174801948,5.421125626253459
0.4636654802349104,163.6066583779006,13.9985510749834
0.362839521322755,120.12249955649646,13.842652781427097
0.2684808112839127,105.99718068688932,6.91033161517381
0.3817273746765231,116.70648105261067,11.875625534964227
0.18816299833178668,168.30488544734402,12.301383965894864
0.4763815951599514,168.90929309280682,8.542806211110587
0.4487971747039244,140.07216273892314,8.469868975144433
0.39865294971844906,114.11978949639968,10.739540665693205
0.2841606545013875,145.62463868812884,11.649565737479469
0.17494673733044164,154.19960654936767,8.55437912771267
0.3865957429022355,153.51099839158272,8.300486700683612
0.18368766030418382,138.3388516599596,7.246891645184141
0.2910469640401399,155.39620471763487,12.230068379522123
0.15049660539189214,187.02598890645646,8.86112928159498
0.3188863149693898,194.8984291814061,12.336730832600026
0.34553614563484863,129.04314535152042,13.281405277470666
0.444483027848374,135.08129582875347,11.438942355495778
0.4575971316842544,166.03210328250685,7.619123580045461
0.17235000240808523,169.4862851742759,7.891090316109119
0.4662743277167422,121.67460039425475,12.429892367887842
0.4475774906404021,144.30158295823878,5.529161205487737
0.39149937081461966,119.86678848869396,6.3577317712815535
0.32305880396808223,164.8637470054537,8.277656443033084
0.3501149194418078,112.60221821797548,10.490215315850293
0.3567880930348878,179.79755660024782,13.2013714175171
0.19192456213390313,179.39863810484613,10.390897304002815
0.14967976282910816,145.36643819902693,5.167803754016306
0.4382764858064023,181.3381052605872,7.438854387187712
0.41969895111077005,197.72361018641053,10.230606265182484
0.35669312680021265,150.5419437156985,9.271719359469916
0.2457831132943944,167.72555956649762,9.072078325321748
0.12906907196551703,174.71073473819413,10.434553782232044
0.46792735680515046,176.96663214006867,5.988072165605849
0.2579492289402231,175.07589020532663,7.3198981319692376
0.26949016086950234,185.5888709508555,8.942918440486883
0.26621158581293053,198.80328679285472,8.489748343440784
0.24746845818406943,184.31883625557316,6.958849567285195
0.28416698666964224,113.34273819333765,8.055626149034847
0.21858566350938885,155.6472877500012,12.99963119547896
0.41408177394896584,163.0835976442462,10.121262658958834
0.26843735549754444,198.2974516777756,14.325449256778422
0.373331250423565,154.81347459195996,8.084980644983617
0.4068737017380151,143.81596476646286,6.882390331921719
0.44123344165838263,163.50860668981335,7.872945417673499
0.1388146353297833,110.93200875305838,11.624351836939677
0.252774580790098,196.18380726604178,8.137566446637708
0.24268816077982286,136.7874872061367,11.093203930477548
0.23764078986715845,127.01121749335141,9.354509890160548
0.2660332000916832,182.8098187026961,9.631010987837701
0.3666739164754361,166.22453656222865,11.911775804290128
0.16707180361926582,110.4968322180331,11.754406415804272
0.46682408891651306,102.58135409469325,5.749059685160787
0.41547424964245794,139.98603682656687,7.451897882987932
0.3220816904091423,183.44407836752276,12.605456225115619
0.2992679603454842,177.4939840975647,6.285866506190287
0.21211039185677594,195.97985056860023,5.417945308071744
0.19562186340013532,109.94115752590307,5.203451487586075
0.2643201706371224,137.30987057067725,6.847779266527898
0.3507342980749384,104.71553238875234,7.78902260097201
0.32856659849731273,108.03384203474863,9.356356330830103
0.30061833577202324,104.16923022327971,13.586826432585946
0.32587914912943494,128.7639196039623,6.92370794830392
0.3197289072982636,170.87529624723632,10.522486720628933
0.25285029426451944,108.39370289104943,7.667103230947905
0.2949052414765239,114.697203384609,13.276680382476844
0.19597199056513015,158.9602976038241,13.782887683873254
0.4234924148987653,170.97513239864867,13.749105657660888
0.3887041337271263,106.16951572732849,9.466983537649106
0.29777368074989774,140.29632384606498,5.584599946991707
0.36731941738708196,191.17834436739707,8.901220451812033
0.14574439184761914,143.81804917559538,11.046373861636482
0.19838972161535876,154.83260827175084,8.54515459184055
0.40339740895443965,129.34745926516592,9.995110524805368
0.4280329362941313,125.25130631134672,14.449703007455767
0.3214961359924172,145.68456083417215,10.643556722105108
0.292685393863634,164.72178375857845,11.792397711658943
0.1930017463514473,107.33374495112265,5.6203996488175925
0.1713483912663665,170.8167290468448,6.783163638380278
0.41747865196028194,195.5708580026057,7.675522642469773
0.24694095043095018,175.22896978307756,5.813344113319649
0.14341103766837476,161.04313486212212,13.151859503490801
0.37083419606158596,178.421373114269,7.778890066361952
0.49333787208081264,186.0660771185343,5.0215180134277295
0.3309907202303938,115.81324294058066,5.691679449151762
0.307448265902923,195.58464228067626,7.066657766154405
0.1961402662582833,110.46789804369087,7.78294973775833
0.3485584459971749,120.591929601166,10.551178708206942
0.15068919706169265,166.10303783634538,14.87531491650819
0.3467032895785296,111.36614734740155,9.301073612178572
0.18389742129728698,131.24899235598176,14.173746945945405
0.20582004740968518,107.66672029036535,6.351023596940082
0.20003507848437338,153.32192257640142,9.834732966055354
0.23372567488314022,121.45137368126376,11.315734229055508
0.2464719821685986,105.51285366588897,13.714379319987177
0.4423670693166592,178.29075213149332,9.346522203444156
0.12519648683719337,166.4267436078608,14.921886951198681
0.4085139875913451,129.91864283551305,7.6171238122379314
0.4883671318875398,175.44616594130224,10.913339815842741
0.16575967172348666,140.2853396250576,7.696758174722326
0.3399032386479525,191.68546198359616,6.897847215629889
0.4791309080913344,182.01917972869146,7.2963843551089695
0.38671395654378415,170.12507207756175,10.701891004072982
0.2930167283864679,133.28115383850098,6.080183143086701
0.17054896242530881,142.0367726614565,8.364967691633751
0.27109547341773993,130.19192232645148,8.122648692453701
0.13857703248906617,137.89217308933314,5.105808378041209
0.25889318241869613,108.31578703322575,12.053950519157212
0.4310724959489702,126.25314063729569,8.824661349578776
0.46141245974643713,143.7108879223826,13.421876240934907
0.44458440588255477,112.33555004832229,6.500388201302672
0.2052580099288248,100.69165196225579,10.348500071025136
0.1780761311017527,199.75491954263242,11.631458577315303
0.24125269502366886,112.77443681807247,10.474939179110889
0.1360732026626554,134.47107651268942,14.298766930013404
0.3421691688853266,164.3341063278646,10.573215893732057
0.24012832735907932,188.74604320097188,12.6064122579937
0.2186585582814609,164.86841682899026,6.232951026202471
0.31564946843670627,117.47695967344431,12.593505518463175
0.3101392232497081,125.46480565724077,8.932917393523923
0.12825967037031322,129.62402266722995,7.323361975534669
0.4405681227651407,144.2961307842275,11.564473411707588
0.15512782612934645,171.934825657702,10.755148966389648
0.3414239048265882,125.16779297931666,6.669544280460599
0.3781251524092318,117.75145212015333,12.247169150808368
0.41704718558508735,175.6518750472892,10.70899786841349
0.2318411408996484,110.96054867866057,11.02165786047482
0.37527935441308763,113.25623986721106,5.336595889708077
0.2724307100805968,106.4321963771379,5.352918789724811
0.2111477575420048,139.80549283441894,7.0318056593125675
0.3241372206896458,134.66807778283788,5.551989817313116
0.30322402734389686,136.48887192500484,11.203324915004739
0.3265697727669921,175.75382266062988,9.30134007076673
0.33224191827237826,100.33059728276493,9.842640999947687
0.16588259633848057,175.2744937374204,10.835262356801971
0.2887888761935449,126.1586696984114,10.50545110302182
0.4538400938331642,110.01447872908292,6.7709642040620555
0.27664255897114426,102.1533653444727,5.045421925449393
0.2601092614622253,131.97938832585083,14.886651318195824
0.479849183472093,193.26718578590055,13.751150483425633
0.485728675173782,199.99429193276438,13.10956255750587
0.38725137641405694,177.1695217610589,11.0764626887406
0.45722751136656625,167.3004643328016,8.752755601041535
0.2976024650975022,108.71811102071986,9.914478759890649
0.16467964162682014,175.61116554666165,10.266729740977963
0.34450553295799513,151.37719800856897,5.632102601808327
0.41286616762365597,127.9676591772833,9.246963447595009
0.44635089530383154,187.86160792869066,5.8968268091554785
0.47201165578573856,178.75770361065491,12.49731487111826
0.26236388006499356,176.58154931047264,9.33632230298182
0.466707454650283,184.09646533566496,12.243415969758908
0.3080518573863362,104.04365777583368,9.580155908731218
0.41386104431581944,106.43028957923303,10.802123133564185
0.2809119652754667,139.87669531188024,13.645400341088152
0.23634401461818,195.1799731408251,8.728584890459489
0.2601871163763962,109.17606208233435,12.282624339180465
0.4122765492833569,180.91660372497233,13.593664657972045
0.27356722585446946,105.81816309089493,12.770898244946423
0.13088461763851186,105.61264658484812,6.549027629482527
0.23215283077056922,101.81220801796891,8.715794613177511
0.2004845437479989,192.06135328444142,7.732167568500209
0.31686695194374104,114.08750299543188,8.846408967650213
0.34798318103259296,170.98980910806083,14.697946775263866
0.33405331752971756,157.14596882661,6.755589600900914
0.4145937575762826,135.54187372187056,14.340609484899602
0.18913108877352136,138.11661643892737,8.509808012685731
0.3786587477833241,104.25499445572783,14.791800924747369
0.1795075440272308,148.3504826937782,12.742444689862003
0.39643948319182815,173.18080124016745,8.007049090263184
0.21594682840494167,163.27259605406343,10.126751740088961
0.40673714476055517,119.77180710973286,13.805079148540138
0.3587508367294121,172.30821992961137,8.47911162108966
0.19346141145141385,159.82753960256898,12.43348991718695
0.40473868740625113,137.52824635900018,6.264867167006786
0.38652450602734606,124.79332598648062,13.596072715078478
0.24653990066798318,115.9782679847951,5.308795080279747
0.47923113674363194,121.830369430664,10.016760906891076
0.19260538400553623,161.37311435980038,11.575804153529846
0.4468436983816865,140.76309519337218,6.488595496399406
0.2613703115827899,150.8080354632829,12.760581385143858
0.1886889788933535,144.984849157809,11.125493969583435
0.4077107542934413,141.09709449557664,7.7377924358682835
0.4039413766720223,163.11214655247858,14.238754323136456
0.40627374472142974,133.31834548898763,9.771757256726733
0.3355048665631181,140.87497843923185,14.537467306139373
0.30722528453781794,151.6540991668031,14.006561959213542
0.1687332493101239,199.6369779590248,12.10203746289092
0.3806876366492825,106.41154594206108,12.925862891759808
0.29358155147586473,150.94245753638629,14.077864869808751
0.35614733531006604,166.18879908679617,10.914335856352915
0.42422092703220265,117.32686011542101,12.115124365288903
0.2959746427883543,139.01271231516068,8.331600768770606
0.4080266558045412,149.2935310437813,5.806675813599721
0.32549080937542024,165.75964241330712,5.532994042031739
0.35563168939446,167.7357564119298,12.541562813272702
0.12981620803500266,141.1594923071224,11.429182385208925
0.18714879105303905,134.50429101129214,13.458961992104138
0.3394768843421113,171.2258624600396,7.889925428882614
0.28851311280558034,117.66083189482674,14.842432963925113
0.4846807923134598,179.1747054680265,6.302690385232163
0.22008337198896488,169.99198811597807,6.433485337406663
0.14789620121467723,170.23098065860805,14.500647912618224
0.37996264007868147,186.47966686489343,12.92696933339602
0.2792209476907687,188.56539882783176,5.0622475689494255
0.30072829105135684,125.6098529456268,10.967599149546896
0.4026418522977213,115.37838268470301,13.008120476024889
0.15215075470984868,192.11649874594565,7.974118065215957
0.4107371993823702,105.4239845059916,7.741826578831558
0.3249151229519658,106.10187450906989,9.981848101245049
0.16541745368937116,186.5831758381862,10.447272053701303
0.30423314845323807,107.07436787621249,13.821343338199233
0.24946078527459178,127.07642756081503,6.460815011845142
0.18468465768389897,144.08025760166714,5.076256187613857
0.4653959277182119,199.08044257709204,7.607096364782535
0.2707578943799939,127.7569263158822,14.82548400595222
0.4572229532248134,154.77387910099205,13.415819957928488
0.19726099387715873,139.55351325088395,12.232964983711721
0.2640548645841606,131.1880837410526,7.43856594298291
0.4678506882370585,126.06039703733099,10.914506244300227
0.3499422416820033,191.75525968861047,10.280911221783711
0.49024640346915055,105.5616947296539,12.358121437121515
0.4584713879328196,145.60275148968023,12.92799120147667
0.42749074924002667,152.27321663340007,10.386982100408364
0.21903595709173534,153.09865059140694,12.271825606832497
0.49042331801080835,117.29661947649429,7.74202574059233
0.3770507969283873,164.71209334702337,13.287323074706318
0.2672694093287739,144.0207189347196,7.040236450964269
0.4234722556233851,188.68480027097118,8.223054984694311
0.29389529677109,136.0856187890384,10.334408885019773
0.13795668652112603,125.65411274111129,12.18463348916071
0.4945227281732907,175.4239062454976,11.709450898186866
0.3896599940807704,131.43938804803108,9.658162547021028
0.147336492995279,123.12352860367658,9.390476128698452
0.4039331882932575,137.61258044944572,10.199163469321661
0.20844246328172725,129.48127449072248,9.574859420917953
0.45871889340481875,104.43606092074083,7.3043013064573366
0.42146584362558953,103.20376098117204,10.513332095556104
0.442076052206023,114.4299419924163,5.520787563902188
0.38805924252397384,111.9039006185259,13.24423509306258
0.4984340847009644,178.0108226164501,9.942867250920774
0.42694295741892446,166.0112886170345,6.906298949082149
0.33473759244466395,141.0906062730225,7.63649500839613
0.48586665325414313,133.22613073178874,8.945724892504288
0.329754319832216,110.82923937768876,5.75378247793549
0.384554246713668,144.24012618462683,10.225729143412964
0.36499296448480845,195.13673930082768,12.5452362538811
0.28571042237403704,143.1943081866238,8.210682612712574
0.20209173788424856,186.65746883694993,11.752684269832015
0.2962218896418886,134.31143570948097,9.675832365990573
0.40367042527541697,129.71182498019846,9.506545010850413
0.4622890656275392,179.5631598623251,6.142742912280602
0.3192814806845865,187.82884327889172,9.913124631100263
0.17933707128051696,157.86188057327678,11.075680716927307
0.4924409458872247,194.18712234200433,9.650791161031139
0.3996761634194865,195.34387474636037,13.424578175600779
0.3770018443493576,105.60879486188922,12.830973429178094
0.3396324437722025,145.97526662199945,7.376578782487702
0.3434453006119188,146.40139427175777,8.33153034073519
0.3455251955187829,198.51648256949176,8.597779006852715
0.17926259548135942,195.4756738797561,11.613260795494918
0.26131768731253163,110.19522275634512,8.716926401185473
0.38597306415403815,152.54304159402622,13.480255312749227
0.48211119315595463,185.62336230302162,7.992992447859487
0.492114907471599,151.92323434348197,5.104593051024848
0.47057672724817523,107.65320771906389,8.745057057196536
0.2907220737226117,157.52779441146373,14.033067071646025
0.1403156696681411,184.02369605420589,12.93582397338703
0.3639525259425994,147.9468361517688,11.831221106052745
0.3938088061205327,152.5248848943675,12.093223432994563
0.172502206758437,147.51381871203222,7.155593747951604
0.4253654053119743,145.91263408386928,10.748341018648109
0.37372771439561325,144.1405458934473,12.437123206683596
0.14709618556872814,126.31011593870838,5.179239619157052
0.3367135814456788,172.05635541249626,13.442626430441377
0.25048439414177026,120.10434389420666,9.803871238093999
0.43636050950066796,107.35060942411673,7.2028167925102204
0.40289249007646494,184.52031868868323,10.167748186146872
0.14369700476273964,142.14415586270786,8.154950808651558
0.3036727477672593,165.2980753124447,5.93647178699766
0.41745989236690156,188.6049357141107,11.737462589970713
0.326712553271024,106.67582718458041,13.81883749948204
0.28143182926926646,194.77599745816377,6.726118845142549
0.31102496673341495,143.14704719413288,9.956642839974206
0.1637875913100644,157.2723529903052,13.356969522892669
0.4299855044492868,142.9465626707649,14.293442145438807
0.41842614572784725,172.87985389127067,12.744182963046615
0.2737180923629802,183.00989110814726,11.114417544012122
0.465125002013265,133.40838129652334,11.320376452540511
0.16918360649096076,184.4759832059151,8.571030880573552
0.4830630061642215,178.18133244222986,6.459408495967487
0.4498232733958217,123.40099226032194,12.537239546807683
0.22864335065743835,178.12916146039424,8.891532359962419
0.4006492382732067,102.44010765925957,5.846141082355464
0.4264677418957117,100.75488149224368,6.115811984262534
0.2836161325929828,105.56024288141333,13.753150874258166
0.18448790696740525,100.37510044633257,11.58599854821163
0.23816163961322503,141.94508933909418,7.5071313013394025
0.22606879191318302,124.77069270306798,10.09858842416992
0.30079666594498294,194.43696736596218,14.090160147818725
0.3533161087503067,109.85993913493061,12.843488793499196
0.2645769443165895,151.61426106262587,6.667774165289353
0.16256431119302733,175.53507487260882,14.598150656041135
0.19926978186014144,115.82078652509253,14.898784698534737
0.31379671569563095,177.4195145981452,13.825556096220428
0.3580342751123308,181.13984591377607,9.265806855433834
0.17189769553694773,131.14226601937204,12.604221471934224
0.4759188784726244,103.82239643197894,9.110723958164744
0.33691712842405486,176.36198411378263,10.825500059441158
0.1578703900701831,183.23439596973395,11.382712811995892
0.31729034531962785,141.14902925215958,8.831408988856008
0.13917414423389224,111.27959543258102,6.889901268156278
0.34995661101268755,146.84062035235974,5.5191210025500945
0.3469089397238483,197.51438199636326,12.175947608618989
0.2196090273440079,185.04504303668404,9.06313570417758
0.40732402406066337,172.5573214465545,7.481201032639719
0.20536837760599838,170.480875391299,5.942898621391189
0.4798979671280673,186.3501765176986,10.19551991797158
0.3796012715372758,145.68089715251028,9.510901244127663
0.12702725884725552,104.2106764626412,6.899727896844833
0.4454272078014867,127.88747984583492,8.6311718999769
0.39476174740395914,155.14974684619625,13.128420990403276
0.23365602531117108,139.468338961503,13.215121495924055
0.35002665188367044,193.95405226113476,9.453899690138883
0.17947717583463763,164.81100502704052,10.355164615074584
0.2632357453166981,109.82594386497637,14.938887362024605
0.22534886986009617,134.27442169267275,6.121773916898498
0.4957738722053916,122.03746399907033,5.23910630637198
0.2051119581977014,106.55333664032875,14.151428549706718
0.20343735752614397,100.50085305901897,13.651979678456174
0.13774087837770094,160.42161112211744,13.842347903267918
0.24210446531695762,185.10040720572866,12.291776302687751
0.1979646568821089,137.3554335925408,10.277106172088533
0.2658460920664186,161.53957282214014,10.025551479387172
0.4717871995349299,146.68821841370513,7.0363681959371345
0.20772869611262113,120.18783315104149,14.397498178345462
0.2511448292400066,121.42201045049639,8.922719193200951
0.25752579965545264,123.94885648949314,7.193981733062936
0.49986251257006353,131.92806875583562,14.950271991026895
0.37485837312630016,129.7730918196448,12.665105929186058
0.3178299775936,198.4227411060702,11.356029303688375
0.17984756436869573,166.50644270746506,5.76221859042342
0.24641034505268478,169.24235686788313,13.263251139591869
0.12517036967082606,173.35567112841912,11.416646810980241
0.19267256279532285,194.96566032087225,11.01167442137849
0.31629507573887566,184.28764288223994,13.792218852271535
0.19391015161161407,167.26950325961226,8.396547485344929
0.33616208643751183,150.08587039841345,9.86804827883677
0.20356148254019843,144.58337099766945,7.048909403090407
0.22501892952750313,134.3582850077304,13.864949683405015
0.2535905790564465,137.06782016055826,7.795719565263211
0.12507619821367819,180.53247294388876,11.213055761623218
0.15570703874559172,158.41656128383613,5.589315670276715
0.17703321174202152,159.75280189071248,12.985521490776295
0.18452332528327764,177.26752986784692,14.625240006847779
0.3136877679443544,138.10147958275343,10.90970458654074
0.47447722787946106,116.24080713153245,6.390766471149959
0.4040817373586103,110.79758242058325,9.279084598864198
0.37686660492000507,126.16799391727334,5.854303479410864
0.48669169507918436,159.0518560247948,12.03377554411361
0.22983034064787444,172.84858803873888,13.009683629608547
0.3587828121279035,107.36399020838059,10.321741300251311
0.3962173264264195,128.04974293478332,6.019809641966396
0.4345431190785519,139.92838068830434,12.390222730270336
0.42780648974496127,104.36479497559644,8.004328567190754
0.34615607034621154,191.30885092916577,8.534879945470712
0.41758427036600687,195.01533882321758,14.015599634699225
0.1597315781145367,164.61331734480777,5.689337018129189
0.1303067858101149,103.6780244408588,9.080565312258237
0.17370852502166198,119.98853730630468,6.052152494473505
0.4353055753798357,161.18972062469535,13.826797513864465
0.23750428773721,110.64272697278747,11.083202001869989
0.2525820044406905,185.35276888641292,14.170928070229461
0.3258909662555951,118.3698389621991,9.203062390352464
0.4555500506932489,169.88289121204372,10.990760049576977
0.4214154514700071,102.61845640895731,5.702764083243398
0.29066453158283156,127.22981187198015,13.1245345454902
0.48141491863073377,167.61075860779295,10.495710139159684
0.2046682780720154,106.39480322116874,7.001819376059882
0.36860194535347446,167.32030749658526,13.000524717695091
0.263590478380599,153.6996467603059,9.88420242274136
0.13238183723619645,122.87214894709248,14.293393075513936
0.4402600742223368,179.41111525685216,9.14548601074224
0.1663086950941206,197.01557311029026,5.360974092832052
0.20667230672326764,150.55627087214708,11.004435112969459
0.3872071200223131,127.20444208818832,13.595390985460456
