0.4166384039651826,123.75412200349123,13.242785326613685
0.48715594926612493,197.26011139048933,9.534492474173122
0.35339092353547924,177.55265146048467,11.416133447590692
0.3957568360688552,103.50365241014373,7.984494708891794
0.14694218445577803,185.70609425871987,8.728540278748074
0.3799429818417864,125.62799493266301,8.47581215152492
0.12852978878036353,135.83337827049698,14.490941816782104
0.20671212842438336,131.93913663803647,14.177723860005875
0.13696387491496054,106.50845370425145,11.29828999107823
0.452680041229827,100.87157323037849,12.465772369939376
0.4298154391259838,107.57174461722667,11.564553345969578
0.3159733250313193,147.9883391496383,14.555741449310663
0.1250045125885569,124.69787009919163,12.122326779115834
0.24671826867001742,127.69963563838095,11.954454525534747
0.4694569055547308,124.44757021979903,9.580858172767638
0.21987225605806493,137.93332914830663,11.04538828631711
0.41464203488020923,106.79174967944145,11.860850791873133
0.3305975365234345,113.79860527582572,5.987532192049184
0.21708466449674585,115.17866625844727,14.259944794902179
0.38003938085174077,123.76589218796833,10.688852525565604
0.333737019287901,107.27372108843478,13.397085104160709
0.27699480976179924,114.48709890463252,6.9092005866659365
0.3089900513994353,171.20243742497533,14.849384577010081
0.4530449381506417,149.9041683900894,6.067799939937089
0.46745480262111616,136.4915960886285,7.265878768994284
0.45216194837953566,113.6358351759238,7.363801601528203
0.3482747170071422,156.3922609078715,14.58934731983297
0.29496474995884997,112.89580745785405,12.6056767676739
0.20061277816779322,117.57298632131815,9.371180126508111
0.25259780106792973,196.72531085605692,6.430260770875716
0.44170944980229426,166.94061399806628,6.093049080795456
0.15809507751097773,196.64620412773903,6.942974852130065
0.15571252250687945,126.93846952798637,11.501305180131334
0.3300414670042477,169.6724843853251,14.630980777029286
0.22914557364928273,123.36264618479669,13.456720544791448
0.20907967648429293,168.89062995586892,6.534946369783727
0.2013493010583426,106.75988936035769,12.494856954349746
0.1925297732817558,112.42607102499237,7.248072739087964
0.22979733261823407,103.38217310437892,7.543991850413759
0.37582051490797863,175.99190806207415,7.260144142666168
0.3544435959970779,191.2256084318619,10.416106282800136
0.26522940859107347,101.32006255648996,13.293176945213215
0.4312105728925918,107.97201177562198,6.716752976771648
0.439305887082875,156.4160278861811,8.497822136010313
0.17937611107080004,109.85190759170267,10.601814183160807
0.3912747087736489,195.08710326261453,12.480513321261874
0.26459225465904423,175.84773055982038,5.710735124624081
0.3581920133566169,172.07140306231446,5.4180861912122955
0.2732156818488622,116.13388234551917,7.760830849776585
0.20993874624242922,130.4683930305082,6.3623338112195125
0.38534377159945704,105.28662019835248,10.814383008133744
0.1923980482370929,150.66913505591185,7.815188368684268
0.26377882911848477,150.45289129748704,6.223312112911773
0.17399907463978648,184.44142564877197,8.921985467480694
0.18858592949708114,180.11790684205008,14.10128630061549
0.4360915539074508,171.40509260335566,5.993676539883733
0.46748796651007907,157.79793461657664,14.002754517505583
0.33633881445089675,100.98454407996886,14.942393627965922
0.17464918864327672,169.26362577413175,8.342882523806228
0.19257640910346613,114.05976651717546,11.692474106394473
0.23894535231163927,161.36545338982017,14.35599385281917
0.20108933483310998,111.96101461557785,8.921906629129218
0.38545220999088103,194.49670331340195,6.63382494404646
0.29701748964722924,127.88635513064108,7.046000739957785
0.2406260112501995,179.5609570411421,5.9284603190663265
0.45088219180327505,183.37153810867173,11.817935532090345
0.2359303465601491,116.61197966572904,14.189412906048165
0.15178442514448603,147.44680710895094,8.60229419769107
0.1848991559396661,196.79157592963497,7.189514785269429
0.3919176523935311,187.9075493696643,11.689037930967858
0.17882020563819878,179.2887980930164,7.15512697151754
0.48348126150797094,108.2858010120636,11.410300846501192
0.3550423420272567,148.00718160393663,6.651930966497735
0.21949443320359086,173.04173325598777,14.587006814026301
0.4721757847525799,173.73998988360688,7.336818598213233
0.4116885414487499,129.73122195636822,7.813579422494417
0.41277556441950247,168.57875990098626,7.730939601178299
0.18632490456204895,110.29163661719198,9.893815606170353
0.4374067494777934,132.32566764847036,10.959400658056778
0.19311551755658385,132.17394118373971,11.953137196187978
0.3130860392362225,187.06411668621806,13.281605969166586
0.23665765260963706,102.90940964598228,11.43180288948578
0.45094584619915934,185.0537456240801,5.147867353095421
0.18180534275969307,118.23519434002205,7.819217222332428
0.24403820503040177,108.16579363709246,8.661685328590437
0.4639901447343457,112.27215762403242,12.82376779319425
0.1463198208494926,106.32513807487092,9.289507797157075
0.48745979434970343,121.6750927674299,14.480729516272934
0.14115373553547345,188.8170989996818,10.653211898890937
0.43334067871292636,148.18148862417067,7.514120803260531
0.4415390637053081,134.09560577300326,12.303571516567825
0.4831714031098862,191.49372648441232,10.096042161455406
0.2151533586217546,179.13117617130084,5.455326456546049
0.46248828550955484,156.57116570169367,5.161590361330881
0.3199660239063053,149.37542115365872,7.129019704722085
0.35679390798743493,100.15731586009981,7.339404211999968
0.32261053626017516,119.91429192685625,7.4370252799298004
0.28865121413355094,105.56422086427088,7.081983805383275
0.1526154228161034,179.84257526281476,10.02491850113829
0.2230786776064978,179.6778755943318,6.550787889695339
0.4497416449368098,146.1023227590219,10.617452412785726
0.2420923496842093,124.30797680627347,7.766845272925657
0.25997129381570966,156.9972338199132,5.307467583864215
0.2696579804558648,134.12071540234348,11.298397030328184
0.4507245401664708,177.26394398435724,14.913709810231138
0.2809746727085106,121.46457455778005,14.218865879320106
0.43043284273926097,191.38979879200605,7.1070032586890495
0.30095059193774,132.35168749818288,9.512756567910182
0.39778439404732563,172.48824410420184,11.372697753917475
0.25220057050625333,122.41630256814598,9.677107630620194
0.40577066147783314,118.34242420995824,5.241589571151636
0.16438605939378984,112.89551875112751,9.645057594316508
0.25861449989436075,191.94596229083115,7.081380303626506
0.26778246797010674,102.13976734131441,5.598442103691773
0.4391653709358838,170.21693819198128,5.9326867316534155
0.4217535033683052,139.63845459449678,6.452947763761906
0.4943477270010771,111.89984912112037,6.410042581998842
0.44521978453954814,172.7540444007251,5.691293250639495
0.35803626093877683,143.2989925338644,13.873809450857724
0.35675371711745757,166.08104815038442,9.74449990642216
0.12692059609945727,138.43382541840077,7.963455063012703
0.33107847451468836,148.0474207678522,13.894051801682467
0.18032900345733555,107.00212454330381,9.79160465729263
0.17178767492405111,172.10843955809713,7.155709268296134
0.2161082620524191,161.22587414151843,12.887568695330922
0.38067559003773777,153.18950606383243,9.389721204161413
0.4959426041574254,162.2832201038196,14.186916511095971
0.1810145653698711,179.50694058795148,12.371050566004083
0.1827592657288068,192.44036582990947,14.941317250227039
0.2062853460748021,119.50424276775297,5.479802256018299
0.30865717112789204,180.0229136472089,11.575396497051276
0.17449725879290034,194.45437789753848,8.40510121689479
0.3043410172714447,137.82438235410913,10.128779447662499
0.3459013696656684,162.15951688718422,13.583884005911736
0.4813147541762378,180.55285729393307,13.750499437542855
0.25429540887187063,131.89230959734655,13.816542352080909
0.47216898672650565,137.9349377902327,7.411082105605677
0.2205882408298397,167.84464693624415,11.820515791306043
0.4123036306163742,146.70761509467687,11.719104719587664
0.44747008345627326,119.05417551374808,5.232760898758855
0.4389098309772281,127.7712832971244,14.74427896912705
0.4093314625533614,143.85639832998368,5.390492147784045
0.417555113661326,135.69491451230857,10.696838864133735
0.4972177944699776,159.12565403057445,10.248994821781906
0.2474222284637096,161.9064951233233,14.941264815471442
0.33652233147584043,186.28181436259445,13.670913858768582
0.4942688011849498,129.12672285674378,6.8211253771327796
0.2430373010567438,102.46166548688542,7.190869592105839
0.3443207747992578,168.732654513086,11.473568514731891
0.4457170380045406,170.11070990918643,13.314603556029752
0.13022460047534307,111.53776027418695,6.885777465970676
0.45513569010444827,129.3483465932033,7.165462848097195
0.1582314724676479,148.56871054835216,6.305991045356691
0.36739619962902537,127.09363521661135,11.301816696921676
0.4298265908262718,158.07669136920939,5.061199497858046
0.20063631892539935,130.06489072080737,13.318491198300041
0.20363720761057108,198.7161367284666,10.099496223054098
0.4336493636429936,144.059607231555,14.797054384180903
0.33781458276200405,129.4283995297218,13.582719620968822
0.38950661300416595,171.37247646424876,7.414123752668611
0.20738771642902493,134.55994487376614,10.747995997198283
0.17268276189333537,175.62566569312344,9.327936002589126
0.40679827052280293,167.5373923580582,14.988644640789365
0.2659690653925809,110.03969496610672,13.721742734762874
0.17451288892155634,144.4450275489722,9.642205822313944
0.2158003651133568,199.92762362587354,14.133302078407228
0.3715642159802456,165.9799890799103,10.409291535790075
0.22059155165796707,121.89833216146862,12.026618234804864
0.1478555533852774,151.063816692752,13.903990773419538
0.4246547256052782,101.72944108763528,7.123887303740194
0.25321495669121297,104.08938283573124,10.715556564493756
0.14803958343531115,101.44896605169085,5.566666919383595
0.31448180039485907,146.44878771683926,8.055429739641422
0.3698322785899469,104.80890599735505,6.222835084837454
0.47426797458593273,135.74598846072695,7.267533271739618
0.2069453161804487,193.41409790636058,9.621856605471068
0.33152667433848537,119.8345990549376,7.28435789598181
0.3520330459174106,179.32645612175614,10.301571201620375
0.12628738353580587,148.4012119860289,8.97332282073596
0.4079404589727971,181.49444297558227,9.618056911622425
0.27887360035866426,164.7161462204175,14.344340030104384
0.24797460928078488,160.73569322379282,12.969526825388254
0.42974980950581554,126.5980507038042,10.090775667467017
0.2589783547876826,176.6083473996297,11.776492327221007
0.4662985675168339,186.36140350064363,7.281132020878954
0.34455905197473796,110.1578974722676,13.318204674950293
0.2434838695588679,182.41501738055362,13.163099273423716
0.26522289053357856,166.2088839312587,14.969984166059362
0.3276042195799068,146.44221677348563,12.35494057239924
0.40190816205749247,192.91713023767014,9.07239817665526
0.37377076927000463,191.78778816788167,10.758174362445533
0.21582962070077658,100.56040898991986,12.073048394992638
0.4553089243620795,160.25018362665696,12.550654114298183
0.46057458334108503,131.54294453230915,5.170172926967705
0.20622398041285328,153.2113907379099,9.874851737769422
0.23357739729305743,196.44794862040862,14.494326906184543
0.1646871927999768,119.14429075782392,12.27590296824971
0.1804266292852908,186.87905051441777,14.928799605212063
0.2623946684769044,121.13527544618,10.03152504264593
0.4780165714370758,170.5424492380813,6.773687229299043
0.47499593360491854,116.94825706513119,6.35683525238486
0.3478989138393145,163.4107127557192,5.731327683116026
0.16595515151412288,121.00843926254456,9.256365058348765
0.306949885158637,174.8412988858732,13.881033512270013
0.2297509934531573,148.31436801212237,9.675769024705312
0.13353760740799855,127.91127979320974,5.607585660903326
0.324954579955921,137.26885399774184,13.182951555106545
0.41592032620588093,154.7982422485988,13.305526345309147
0.25354365157014336,100.88074922313776,8.48335217166328
0.3719467323449246,132.6918752547648,14.088152539422493
0.27300976644215963,177.43068332414703,6.840101097264291
0.21434477393897514,114.62616451559717,11.857872403453579
0.4046492099896222,178.9465319979327,14.99115351509191
0.30964552283711483,167.90600463725247,9.330090169144515
0.21693720003775482,165.96410825747972,7.765407314581924
0.3810908653971623,192.18078936325588,11.780710785110296
0.17516200617917416,127.66249117135317,14.063506964819979
0.39745546298048073,195.4482936281214,11.792782875198814
0.3017285942802682,121.15965391863864,9.999486015503626
0.17269673083296921,192.8187769357126,6.212871261501669
0.24469250664227243,127.18137857091548,8.356688723050928
0.19637297472342807,124.57462716517803,6.084599090146287
0.4626290377158528,114.8779639812737,6.700304747078474
0.3583626926317994,139.8621184455169,12.625113165476696
0.32804056676561333,110.52756776206026,7.004108058737809
0.21027112008471893,120.68138756707494,9.970613769871713
0.2355610508263702,160.40759527552063,12.367238044020448
0.22026760634136816,156.19263946966328,13.994511347204249
0.14782012823986626,103.03024440780747,9.183834745862551
0.22835746920239103,124.25679955603265,7.544217519553916
0.36573187901118753,105.90424311297342,10.23538497783699
0.4809551915137195,144.28534918435844,6.282854432671428
0.47884420533450933,153.53112135693203,7.566897390657992
0.20128157742996278,126.56906188816149,8.505306703751113
0.1557667810022068,161.5423018896511,12.622246836774554
0.4211755939492331,173.43819374007845,5.622412994636246
0.32993450137387315,103.77020527300208,13.882648796439357
0.30732021874083665,181.0321800007253,8.042427427187306
0.3832462870621972,191.87017961981115,8.382891395146167
0.24253712782092296,159.32704830217608,5.108037465141217
0.3605343114372168,139.35674216921524,14.94461621142838
0.1400449430779775,103.18538602635468,11.571595535584477
0.18054780265573972,168.72629412303934,9.855795064928609
0.25424115341428405,147.31650757170797,5.725825915044532
0.2167691733717294,151.80967902071563,12.485893019135805
0.21850833722375096,147.54251829792776,13.075824662986498
0.487227315046895,163.90552773987525,10.887680241522162
0.31595875297899917,142.3193451714509,12.104263717106328
0.18318246652305997,189.46122235831155,13.375242108155806
0.2811904842380718,184.36096994776048,5.829004991765556
0.42775993398066653,168.99541790362187,7.137261090663152
0.40393507764047165,134.15796749984696,8.659156598396837
0.177771027450133,185.82340886055349,12.38297503771947
0.17974605485045958,166.04753566905896,9.606862342332974
0.2976545238078629,123.45923531153659,11.328182695480548
0.34049241466413255,162.8871592859109,6.274521827225222
0.25280675229006044,155.8884607860434,10.929404654705241
0.4661241080259155,185.00714273442253,8.589710796244383
0.15026510012833066,155.57897475681145,8.818138846743429
0.41038406652806847,142.86899753399564,10.390236983030611
0.26753964073583364,187.72014981761657,12.656156713580032
0.464258898571099,130.02210924959815,12.537938246880781
0.1531331895129716,126.47914848520422,10.152374364255394
0.4882536992796494,187.2349948730855,12.859914414431339
0.41250937133923216,105.78943846025741,9.698910486441086
0.2191639068234925,192.96476447885175,12.358435784502223
0.32292383886423415,158.30303394538274,9.128800770632399
0.4231837066225922,166.0027674233661,10.745492274932946
0.1755397476114707,124.8544264212765,8.698751657807222
0.2557489527196417,110.37758923116311,14.548160043177635
0.278289249213301,161.0213533448673,14.20951745784294
0.30272200842624597,131.5365349328975,14.674906952545303
0.4586353891113967,178.32485179204605,13.787344958309088
0.308183836926915,187.0581882258843,14.068351772161733
0.2861316847715989,120.20263758703067,7.84333425164745
0.31208656910561205,195.58985505175116,6.810277976980977
0.4833419975459857,107.27639735393582,14.4934792903387
0.19468709116377209,140.4835789642396,5.682428764691432
0.27879220642836217,173.4948802656049,8.501100283970331
0.41383835134329944,144.99344139677473,12.27830780903309
0.3270656636109804,151.41745965967758,14.195401264406627
0.16961249326895533,168.2104273454396,11.24794258532507
0.13760183161395423,109.13320233632379,11.78292028421905
0.19945683768611036,141.50647827556432,14.203924096472427
0.2749539414778822,199.34059310280608,6.473828213196308
0.35046564853646356,119.0563050479334,8.868802642072929
0.3538924543523938,127.88457464071851,11.608324931482127
0.1691945584592547,157.82178782286775,11.31687089896036
0.25087643586743247,108.29035161016033,10.106830893887748
0.14329288486624353,120.35313849328635,5.184627979975965
0.3436998200495592,158.75505430294209,7.219035085500272
0.27384970885914656,199.15016075441562,13.081373489964045
0.27775156921625416,154.34664506134663,8.778895887821273
0.32442680867478624,172.22995061422634,14.156653284459555
0.1893699664724553,137.59086355371355,12.795587630981036
0.4396868938408459,162.23901434086778,10.080893029727271
0.15419117837195728,131.36841675179642,10.24233358708662
0.3167378438503958,138.3261258422575,5.615360151699477
0.4168125526078118,112.81154129223012,7.64321449497483
0.42025592344246954,110.89149527767633,9.122633843888323
0.4265043690799351,197.05461371058271,12.010321116886992
0.13004402016461442,115.49263344182717,13.423367992259445
0.23535497427408938,192.5446300536039,14.191926985638093
0.43996270938351184,124.62605516339039,10.28035121418878
0.49988160824197714,130.2843942269166,14.913733974519042
0.13456598914431267,125.71648606119545,6.332908324921958
0.1745175626321815,157.29460823072748,13.245535551065345
0.24928522746217371,115.05168747452169,12.489759982104228
0.1298190971877026,148.74818140629316,5.7696051878857055
0.15916814392260448,114.07893547091645,13.228709128801134
