0.31772875391475885,177.31650520792968,13.704276857248127
0.1280176056986817,130.9735925505204,14.57603739365891
0.3174187671004577,131.82844248720986,10.391999374256482
0.20797060341040996,180.648135792427,8.422546256146843
0.32708331840017923,100.58737855510583,11.731524781805254
0.20375909831702682,193.25575928787117,8.742447494814922
0.4071570957822299,176.3139001845522,13.704994552717501
0.1662916918462256,130.0091980393784,9.749057659504686
0.3773512696874697,125.75924329206177,12.011513197244875
0.3713750222653484,118.20077577118943,8.220629928291007
0.4578265463453106,108.33491610497568,12.465641201404082
0.14838126836880366,173.14811265727286,12.425113549935439
0.277968430044373,199.1382998898481,9.521372987583918
0.19620445367297057,135.16264720993826,12.148116664252598
0.2590382612194121,105.1618553995076,8.159190043519658
0.49955172933686787,128.79048566173142,9.617958714158059
0.40072554161899,194.36789507453597,6.754026426655438
0.20465801596365002,113.24776129505616,7.086811922474796
0.4983829792038235,124.66458319173127,6.100531586108828
0.31337008934937705,145.61218152233627,12.344902289458819
0.3578538279958623,162.10702266888137,6.501726341960331
0.3268529547443802,112.03472435117008,6.530255220213963
0.29381695880525954,142.90723472067089,12.336620808382346
0.15258933127306515,127.87858297629417,6.652937745810068
0.31553305192272063,157.92511525815144,11.38607928227496
0.2052596391273207,141.75776484229303,9.668141805992988
0.15615095585645739,157.02729080512438,7.285175626647689
0.1383986449180496,196.45292782200073,5.746599465577814
0.398930090320047,150.26299236106217,5.926108347860261
0.321481007884752,143.42179614794833,10.480164067044672
0.475627613112815,199.50503029569347,11.623180737805964
0.25779885202853153,143.91570140323364,12.755158765326318
0.36075898205078893,109.79909211456427,11.515860600727823
0.48823100313175727,123.69519670630152,8.927237470201165
0.1559994555018884,182.35508004604839,7.89496303791875
0.18649928090401624,116.31350503011424,7.7796369277115405
0.1276484460757487,174.87555976570331,13.538148940056969
0.47213841216750124,130.2144911808179,9.741303614194493
0.40261830045112273,165.06372227822905,7.6761772236847525
0.2709767302946011,190.52408789936464,12.308421666424309
0.15359230077560104,120.62782701771691,13.883183855816185
0.2797644106044514,120.45109984787783,8.469313673719094
0.27957459566042353,175.5284508228243,6.3308405138174715
0.4455579195562459,137.98081761570705,9.768780040083739
0.1738076364015906,127.21973764607282,14.45837971738739
0.302883322505717,115.24266173093685,10.521470351732273
0.35775095194969697,184.9026590088053,9.285688244951663
0.4842826068273168,119.56904000252555,10.16589293988249
0.27559782828890267,127.88163745855844,11.040894955045736
0.15487715635224825,149.51479078272803,9.740719855085935
0.40092703892241544,129.34563030234207,7.17088873492059
0.2020927307906782,198.20503575581083,9.52923700528654
0.4845068634664187,189.61065597258334,9.409070367689713
0.27873574602771356,166.09641720351465,14.33981338353756
0.42670136566572636,147.44753025036476,9.939436141326402
0.2207731296556545,160.7494158212376,5.632690730111603
0.33930254506671753,109.14792454845019,10.205341493580471
0.34911965243226034,177.26413691329293,10.251120281554128
0.36472817658162904,154.03668920903505,7.655824352378039
0.24161693440103402,144.3071127958496,8.768468456818775
0.33774439243790433,141.2875170299725,14.534019253511122
0.34875463084788805,147.4086027042263,14.954995385290914
0.2095226662907914,145.43218475802414,9.341976608271322
0.41020910496530083,157.1536181264341,11.880561816936119
0.2794911654974204,121.7423028089874,6.468667460901354
0.2205143280642321,139.5915995688079,5.684440013800035
0.42501261462922857,106.87282530801484,5.372955443503402
0.19973535535455295,122.22802352583668,7.64655951536073
0.13044106062635785,138.52435159678947,11.82715303111651
0.16188098123511258,169.4394100605918,5.918701288551316
0.45494313429267036,144.8035930356575,10.643102418817787
0.2831442407780651,180.306567877647,8.365633197505517
0.24726556429951882,111.4941244491787,13.177566231815554
0.16266848787742472,109.57066151123063,11.970114943272577
0.47693197349030336,109.8606705236942,7.934769887189908
0.1738191651411944,139.7674186657871,10.680589088901204
0.43618605676784966,142.84339182945683,12.766342875686798
0.27399546740505865,146.9385892988708,9.524151838744043
0.21285228938348535,131.88506768807218,14.720490669609399
0.15744127064507518,163.20865441272906,6.425445095407559
0.31628192709838776,119.26454263540707,5.251569643455726
0.3170980266573621,144.4409974179211,11.718121775724832
0.21745110136828394,196.59884078808977,9.293021662036574
0.36976393353438475,169.04066498378785,14.490471834601994
0.37639531424497713,118.29342107877446,11.502391544119632
0.42976150615565856,184.06253044728442,9.64643325300053
0.37601167106038624,192.11094917959662,9.9502464845913
0.2976356017587698,195.91930852745844,14.876548794672736
0.4792431456531806,195.9943709375715,7.554829000386051
0.35555032539354586,149.29424795657468,9.797543324434214
0.2506199148032875,146.00721682231296,10.006287023064056
0.1513693000812183,134.74394293232305,7.859777949512591
0.2629643034361757,183.18388761251197,10.30446488587485
0.20345336362273264,127.40145266380773,14.248672781725872
0.17865150614379685,137.7869184160053,9.73198341016048
0.3349170946577439,197.43729598527915,9.223266328419538
0.24967345260572976,183.0389188643655,14.625555535081773
0.1479714104331667,199.27676452621196,12.326781917303675
0.19405387600229812,111.18693145882581,5.751795991734029
0.35637309868932987,131.7225963253787,10.272816356960266
0.1925294664714446,196.72112996782698,10.74488749603658
0.4389320416912339,133.36911733784297,14.073274560269708
0.2936023565361261,140.05801562854373,12.92221349109037
0.276793393549268,188.37301599473702,9.100296887276173
0.16102359234387278,148.28757087261468,12.70701191450814
0.17887151062740114,118.69406922127285,11.895422449738831
0.4940526374187458,116.23250038037979,14.97116493486008
0.2928381157937715,177.4669992727463,11.478989395410432
0.48730215468086235,184.95385710926837,8.67663813481401
0.2366092721838377,155.56092091425032,9.355672644232918
0.2185094044333122,150.28103588292623,9.754216120263745
0.3747545515161051,199.40554446469332,10.292793135640695
0.49384072507035065,183.2308055909224,8.530543021975223
0.3307222032459328,191.0335661941391,8.604854666489441
0.20754258008489182,196.47247508826257,7.539922369298095
0.46836655327992305,107.92397525942913,6.766219874316949
0.40320113473427077,195.98786880062497,7.8833643148426855
0.2796448338419659,149.20361208915193,9.867072170252865
0.3656027024091376,199.34091916313787,11.641326048873257
0.4824302109958001,156.4960484800747,5.5867099546166
0.31306620844904914,170.8520039788453,10.46302668912395
0.30997841120413455,107.29852221340713,11.59486599781533
0.2729607716500068,174.3320713790137,14.454844931271385
0.37346612957993836,142.0913823846028,12.246529070906323
0.2328342949892962,164.9049170829515,14.847835861620222
0.340650136853901,162.11521241726768,10.271974275287725
0.3006930385583848,199.89584102205143,6.762517070510703
0.17380027226466935,171.21075880044282,13.779058737906714
0.28799566571315316,180.49690826465527,12.226570854641656
0.42034796215579234,189.78869613857773,12.066683112008594
0.2905185835225248,197.64203044712156,7.11281095529103
0.31027475016796935,145.77256096906103,6.2528032890315
0.49566475561311063,106.4424767076612,13.113887281813575
0.42988165288356883,110.88594927897753,8.776360320205395
0.20879920874283608,190.8209886569873,11.593402449177164
0.20609823749504533,146.00268640489116,13.87070395110097
0.4986212339086351,137.51219493408857,9.791798073571508
0.21111337646992162,119.68177597761766,10.040550991673094
0.30464478184237404,197.59457574755857,5.572217098747668
0.18091664604891586,128.10125413881727,13.080265460825638
0.43076690583416866,100.95544725988955,8.891457520352768
0.1301948923524033,101.79111779636222,13.07737837340109
0.22815778384729157,171.23791012042267,12.283329204915558
0.31306224902223556,114.66143655009272,9.413259476377114
0.3738062032440603,175.29605083656384,5.423623221916513
0.46985491652700573,191.32278473010226,6.1131076830279705
0.3112391889933735,127.63581036685262,9.65059222522192
0.21535905164297325,174.1253712412604,13.033311269371296
0.25658096847035283,131.45295623453842,7.430862898122427
0.1468916185836214,156.71657767932606,12.887454181933725
0.2229737023828667,101.28737577453293,10.480452458916941
0.1332532540546047,137.96757757044344,9.250220009206
0.3268743634838569,125.14234925379412,11.535222128965103
0.1941789038061431,158.1597114701295,14.191259427700007
0.2323354014300678,120.9146786634546,10.204869731530643
0.15833231592405272,155.0427211558224,13.580806825931646
0.3257934193333607,169.16619743576484,7.631193499696463
0.27789605186415,130.66246973477453,8.773581854522597
0.4686992055454824,188.5697933071757,8.355251042380456
0.48036910826263635,156.46704219384358,11.785853629042716
0.20903938347057477,172.58290801594603,12.57310071920278
0.1891036291136029,108.19595055173683,10.648771418792801
0.3785277669443636,107.14708071095525,14.828850779482828
0.1382754971973939,192.5483349840779,5.504495610066911
0.3899734275468108,187.06145468978173,6.932234554436258
0.1738135277024769,156.57292255491822,14.426907069579356
0.1703073505253772,189.86915893152462,8.70867172047463
0.22896697533809982,173.19954531398616,10.897736047670984
0.23198480500714447,179.09831281101503,10.989015312685561
0.29495599054080074,117.38925381579368,13.367308264563675
0.4765263011798795,163.9412275667097,14.45924010750222
0.22921163300044953,141.65454779487348,12.456364996359907
0.43349566172403103,116.91465598867327,5.611669630598052
0.3996344625895367,110.08113410555089,11.13529093559066
0.14066101091718108,155.5588368247861,8.900946973404716
0.4046381650080761,189.85184717421004,9.978118920363077
0.38094347559755903,108.38669993159301,7.671160480897267
0.2086889880759401,190.07901085433713,5.249288134538409
0.21295674652176846,120.39777213432824,14.627620142731296
0.41643912213502415,139.93171742885704,9.91675160397488
0.1278618627054362,157.35553062782893,7.555876655765693
0.2446489653615369,105.62095905476866,8.333556405681914
0.3321865005521307,160.60152126362695,5.478201440082344
0.29072180948249005,123.46768775282425,10.325159742225043
0.48570302354703376,129.9213052911942,10.91264758904968
0.20546555745318912,146.18448355987493,8.526241515482536
0.2868551775947569,113.22770278406381,5.637409430045447
0.37264069991304843,140.8231099148212,14.175520519086339
0.32792351281586185,187.884700948041,14.986663023194088
0.23730088958386644,158.74134064422682,10.823889448751533
0.27947338348956546,150.26543725776705,8.722752704652102
0.16647145186219628,198.95994546347302,11.14397546462776
0.2719308395228507,130.38633470465896,7.940665376197966
0.4069878850374274,102.67639856093989,5.08366729386336
0.43700500652604524,142.21436416973023,8.55119385077773
0.2516520088518731,118.53116247072124,10.04804121384129
0.47962094479496264,152.9515875070915,7.025443468577885
0.4385852717011933,162.41719675893427,5.824744470711343
0.39579338141025183,105.87370855087974,9.028717334515541
0.34298387879124775,129.41532180266162,12.765100152656949
0.1349446703904842,114.35133544684821,9.101967995806726
0.47110722831211616,117.77337034070614,6.422945046607591
0.19144664437896985,193.13089533798723,11.312113992801667
0.4271303026188551,132.8766174514709,11.516199229432482
0.48242391592066103,180.76279103504135,7.072062903892556
0.22628758254870238,184.9552925073698,8.22451571171222
0.2413200782368201,182.11898887349145,9.607834348807904
0.2515111461480237,136.6961567910736,7.8281814493238935
0.4473532453279429,179.29216556120582,9.27189629512494
0.3603386889205672,143.36223818027577,9.469723503963845
0.2640349034980979,162.08167154272223,8.306614311869902
0.13440109019676816,183.48641058787547,9.928249309683594
0.34911338832375083,117.82147655314307,11.42216017505282
0.22215265088026037,103.98158235285278,5.06749864620427
0.2802274091716721,131.20543462271706,7.205693452283384
0.48039013369438577,129.40281100035276,6.416930979984982
0.4061550603763262,171.49860987206765,11.748143113810642
0.37670542091646836,190.87077631264043,13.846012777716442
0.3118466627529851,126.3029042271791,11.048889415597325
0.3539183454860783,141.50381121010753,13.620161847450643
0.49769312077142136,101.34622807944396,9.211586577239597
0.45896735539723077,174.86614118580678,7.732507074025541
0.12768678960754837,158.26213052660705,13.184622742562095
0.40768636524604385,188.09743757906105,5.3149125808728845
0.20494790065370028,138.86253371789485,6.502921067896523
0.22870771590417258,196.43731582141362,12.281586747629895
0.48477291852559173,147.56777789627617,6.1459904968845755
0.20345781743511618,157.71667608395546,6.9340412837020455
0.46997199928368333,137.0223918698403,14.565553945062613
0.3903231651552971,104.38464100152491,14.038956992659863
0.36624834898135067,179.92730365526845,14.070533088506924
0.25924218801510374,142.6128135468423,11.118115570247546
0.12528369063566264,178.2597661117626,14.429149988750481
0.49972176019441783,180.51128403210043,12.980854660103674
0.36156804698543676,195.45181174522514,8.157394849356734
0.18641339256749,196.147790205029,7.762116061860293
0.2247357149972129,169.81393247816504,6.961216395201641
0.24178978673091525,176.2508301347827,11.611840663066303
0.24872276253635078,123.10543009336594,14.88089749977135
0.4249014375458842,151.69736199649782,9.49598369966365
0.3626345453699559,176.0787650391726,11.529837591983831
0.19644770662307476,144.70007597678767,11.035928837340663
0.4108132358847079,136.5969539651342,13.253687926194008
0.248447314311236,135.12909501516182,5.818448560599666
0.28469641469098156,128.59093092943928,12.872883354574187
0.45583351109314774,164.8049983323014,12.185350726445451
0.42907688431533353,146.78159200816984,10.154023578344663
0.42196844275030976,104.81908433295693,6.158264523278955
0.4319100447310542,169.83444841468452,6.536364174001529
0.4283729717348574,178.98239814323853,13.295123420876777
0.408713962216346,105.44784946049847,11.001471980978149
0.17045107523727887,143.97564439301658,14.297663074028629
0.3350582024931419,146.7189416847147,5.225128322535637
0.48702048538527193,156.50962933275827,10.649018321753516
0.30193456412896563,188.93682356464046,10.215366866623462
0.29696651453304584,143.75952879094262,11.252275954440307
0.32867474893731935,196.49917255382275,9.019198032539919
0.3599469850360395,104.63369398882037,13.964697914030689
0.37629217674192955,100.86537752048437,10.754692492283862
0.3988102467521689,137.98703060875113,8.926434927118981
0.161519085505883,115.1112995363889,12.436840938180278
0.34832965110019826,132.67612083668712,6.229194500363114
0.44355267441809554,131.54947736256005,5.657513358909888
0.28179069175808635,127.17299723189683,7.969477185193244
0.45205674736563795,168.23036579820868,8.629262053597941
0.1469334085796176,155.0999331457151,7.762376115605093
0.445009536837269,139.39925926350432,10.56660938552816
0.2781354567051858,147.3966174833608,5.044356570610754
0.16227478658733777,160.91473296151466,13.01246676220017
0.4453545675489544,184.08119451645712,7.995708120086086
0.15624438181622444,157.83239146637584,6.511258225028266
0.19808657978642197,160.1488045768767,10.191691671285193
0.43493920355013094,145.07549666190732,9.288713865115298
0.2776638552371204,141.0334512155624,6.571152670794995
0.43571147166418056,137.8426829334264,6.797741331214829
0.17848513295821516,190.52975936830265,13.765328905994062
0.22028117845252004,165.5022702301057,13.92838671894516
0.2888954983712004,106.4682792210582,13.959829558902419
0.43760304324332266,192.29004665925646,11.71843071438011
0.29628494323537746,153.81938758437488,14.381460691723916
0.4549305362886099,165.80330970873095,14.63049974555876
0.44189597146523873,152.2320754761543,9.090883775103624
0.37685494468828795,140.0783052077012,10.168296440898546
0.21040216466394526,156.06914395280432,10.347900124069206
0.454901941475115,175.106612489924,6.674992118117612
0.4208076997494406,120.10422101842101,8.124358440021172
0.465776481276435,160.47214623939868,11.987897969882667
0.16613336265426104,197.40914785129632,6.174842686970572
0.3728180617632525,100.36287406871975,7.718206905120222
0.3117901413463507,117.66912262341458,11.336528020369693
0.41598262260122476,183.57718756092575,14.958813926408695
0.3143313176317102,125.95292162458061,9.009127211462502
0.2138163466946915,175.39516297432993,5.244433401706816
0.46316880735718974,163.791749485469,12.131069911889306
0.2904212106215354,143.796256319431,5.6858065895028975
0.36135579498171616,132.08127979847603,8.466028675152426
0.21725300089994826,119.24342393997085,8.97881545346942
0.22742012231921194,196.78982565722401,13.343899535201125
0.2659073935271321,117.61401090795599,6.210963225676988
0.16173413473559894,165.46250733650166,7.61562250076103
0.19484174729648945,145.2626836054921,11.035979346316498
0.2146558346306157,157.24310586296724,13.739214260468977
0.4993804211142107,174.7582657895299,9.217229983102547
0.23454823649676831,113.51513328168377,9.34701565742385
0.4987457895365736,138.95524028826244,14.28538259470316
0.396036064663687,189.8693963470109,10.520464254853323
0.15780216600311242,133.78970650266723,10.973845089499543
0.20992125409334053,155.1182603130946,9.376774841092228
0.37900937999738776,183.64800856362427,9.102954220743722
0.17213809143855374,135.0914938235719,7.928908915882403
